1000
613 303 735
~
586 205 392
~
430 986 299
~
404 836 566
~
741 427 240
~
721 520 805
~
698 107 10
~
610 244 40
~
747 627 537
~
554 461 772
~
213 910 930
~
419 127 696
~
554 894 588
~
729 845 307
~
496 921 598
~
77 446 935
~
308 903 59
~
694 661 7
~
223 787 117
~
228 235 7
~
840 162 27
~
809 153 251
~
613 653 802
~
674 426 643
~
210 880 892
~
327 610 881
~
789 9 679
~
924 100 101
~
587 874 583
~
984 721 970
~
60 445 155
~
596 248 537
~
743 112 601
~
345 682 330
~
779 76 503
~
901 72 249
~
142 68 297
~
759 898 529
~
557 425 833
~
300 979 301
~
455 676 158
~
324 964 210
~
656 186 343
~
336 282 931
~
821 157 439
~
652 875 771
~
509 406 95
~
947 643 501
~
704 371 780
~
107 886 416
~
826 789 146
~
419 939 246
~
718 192 104
~
804 104 952
~
792 659 135
~
353 916 560
~
794 499 234
~
769 225 585
~
797 850 468
~
501 380 168
~
710 367 1
~
7 134 171
~
777 811 319
~
10 924 953
~
13 850 443
~
247 2 756
~
742 616 688
~
423 126 679
~
414 601 534
~
969 904 234
~
745 29 59
~
482 325 13
~
731 129 616
~
189 436 854
~
78 484 592
~
549 99 51
~
601 685 899
~
592 143 601
~
26 369 340
~
45 697 465
~
174 977 787
~
425 849 739
~
104 787 617
~
972 358 862
~
215 101 388
~
721 898 269
~
941 640 273
~
954 641 605
~
20 495 904
~
356 181 540
~
986 529 612
~
905 254 214
~
597 87 119
~
673 745 237
~
446 697 20
~
949 4 183
~
376 461 449
~
485 42 101
~
789 637 946
~
915 246 366
~
407 705 132
~
76 174 418
~
104 138 234
~
348 81 165
~
810 709 846
~
562 853 413
~
193 445 90
~
320 578 650
~
165 373 441
~
237 56 347
~
985 893 450
~
562 572 124
~
99 344 189
~
988 36 709
~
539 552 548
~
99 276 799
~
809 667 642
~
998 748 434
~
730 579 724
~
690 582 964
~
294 938 180
~
996 245 415
~
597 197 44
~
553 405 78
~
286 36 246
~
454 325 776
~
515 496 352
~
193 585 78
~
126 837 371
~
105 593 888
~
975 394 59
~
543 148 699
~
279 963 920
~
455 311 852
~
942 201 543
~
441 477 214
~
432 876 8
~
353 732 370
~
503 456 138
~
334 795 930
~
358 71 164
~
770 353 398
~
127 313 637
~
946 265 350
~
680 764 482
~
249 702 236
~
610 215 159
~
520 376 463
~
661 738 51
~
581 165 803
~
248 184 180
~
287 417 813
~
445 678 380
~
399 184 629
~
881 94 338
~
761 513 638
~
947 181 986
~
759 164 214
~
371 101 345
~
236 725 241
~
523 122 640
~
8 598 485
~
150 514 168
~
861 195 527
~
577 151 209
~
220 186 735
~
714 922 785
~
846 687 510
~
366 920 314
~
367 817 743
~
668 473 944
~
768 920 687
~
412 54 376
~
297 184 232
~
646 425 60
~
40 693 161
~
6 219 191
~
682 681 955
~
324 20 244
~
239 542 520
~
715 570 456
~
946 898 751
~
679 977 894
~
158 263 31
~
10 10 367
~
624 499 413
~
750 401 353
~
76 606 850
~
11 337 894
~
376 425 140
~
289 715 936
~
459 590 76
~
739 127 58
~
714 25 662
~
158 619 762
~
977 543 332
~
450 868 592
~
860 396 923
~
433 140 273
~
512 183 639
~
61 237 9
~
404 338 620
~
913 817 996
~
170 310 524
~
307 420 32
~
23 414 332
~
198 908 6
~
172 308 888
~
913 242 225
~
381 658 79
~
313 562 383
~
865 776 343
~
116 220 126
~
65 408 992
~
88 933 806
~
432 806 875
~
747 46 46
~
437 446 863
~
71 483 753
~
415 36 33
~
57 211 672
~
709 687 915
~
520 912 877
~
370 733 162
~
649 497 43
~
414 412 154
~
120 272 704
~
400 2 892
~
967 355 410
~
612 115 652
~
126 779 595
~
908 521 556
~
250 378 192
~
133 154 227
~
240 213 571
~
444 532 150
~
366 127 605
~
231 74 226
~
637 821 602
~
554 363 829
~
478 173 777
~
605 806 801
~
68 271 651
~
290 510 19
~
820 727 887
~
913 167 993
~
466 17 612
~
379 848 559
~
33 35 600
~
281 990 734
~
935 900 368
~
589 688 99
~
579 927 442
~
58 41 371
~
165 965 172
~
827 810 825
~
96 456 155
~
232 664 206
~
507 231 663
~
867 389 694
~
869 38 991
~
577 869 270
~
230 54 644
~
410 858 253
~
873 353 403
~
493 695 380
~
922 588 217
~
629 916 685
~
554 212 265
~
181 530 356
~
437 851 707
~
647 377 820
~
963 377 421
~
559 720 435
~
905 266 133
~
540 519 867
~
192 513 206
~
633 756 669
~
79 720 970
~
257 459 411
~
155 346 443
~
929 49 132
~
354 267 562
~
667 602 21
~
285 515 847
~
192 706 13
~
387 387 849
~
82 295 934
~
734 776 138
~
492 853 387
~
176 11 881
~
114 102 23
~
704 354 697
~
975 384 706
~
586 51 719
~
604 695 292
~
800 319 400
~
567 136 99
~
69 578 533
~
669 606 764
~
428 473 755
~
775 7 506
~
280 79 725
~
193 836 372
~
884 770 607
~
312 564 788
~
762 786 879
~
963 143 401
~
873 767 558
~
46 25 455
~
820 92 592
~
955 130 800
~
87 589 547
~
750 705 66
~
559 366 5
~
807 258 15
~
365 180 444
~
926 756 680
~
540 275 431
~
526 662 79
~
514 233 757
~
472 120 927
~
908 531 672
~
703 698 160
~
605 840 979
~
228 571 1
~
658 328 994
~
138 54 51
~
90 369 921
~
953 587 474
~
522 287 185
~
793 514 283
~
688 255 793
~
985 118 65
~
778 525 258
~
477 260 251
~
745 340 532
~
49 847 286
~
173 52 873
~
154 438 356
~
871 375 640
~
990 293 420
~
670 548 244
~
536 844 371
~
985 277 121
~
847 24 851
~
869 211 855
~
129 978 124
~
524 683 475
~
180 429 537
~
518 959 574
~
9 151 173
~
460 870 133
~
941 122 924
~
932 587 730
~
290 100 775
~
317 168 186
~
460 189 934
~
801 299 635
~
155 350 30
~
556 768 310
~
790 254 521
~
548 602 873
~
181 681 628
~
181 301 463
~
969 671 121
~
416 35 542
~
808 694 738
~
786 115 704
~
900 291 470
~
277 820 771
~
760 412 141
~
627 976 631
~
920 601 494
~
372 998 228
~
282 163 106
~
147 252 567
~
425 630 480
~
425 285 528
~
889 182 306
~
139 569 252
~
227 832 259
~
505 801 825
~
662 812 695
~
861 612 499
~
735 984 633
~
519 20 909
~
769 51 802
~
690 786 279
~
889 278 327
~
699 764 566
~
831 490 35
~
383 403 232
~
716 950 927
~
224 152 540
~
137 42 535
~
462 490 105
~
426 999 500
~
826 659 489
~
296 177 705
~
115 846 836
~
726 692 34
~
824 454 147
~
904 365 712
~
973 168 50
~
153 585 7
~
439 510 943
~
446 752 861
~
668 295 252
~
504 729 717
~
974 427 719
~
446 991 1000
~
140 520 661
~
116 897 921
~
166 417 706
~
209 860 760
~
952 990 820
~
883 246 782
~
358 120 230
~
311 222 466
~
755 989 658
~
110 241 989
~
148 28 164
~
679 923 825
~
334 425 687
~
636 515 779
~
996 984 253
~
745 517 538
~
383 747 31
~
894 398 34
~
832 44 77
~
427 826 776
~
653 319 736
~
264 742 502
~
806 394 694
~
638 304 48
~
923 32 114
~
1000 526 36
~
961 7 19
~
358 124 194
~
71 492 514
~
680 169 132
~
628 358 343
~
909 720 352
~
776 619 358
~
144 728 396
~
95 312 755
~
452 134 781
~
537 276 981
~
39 168 281
~
72 772 685
~
93 859 859
~
493 947 83
~
658 769 709
~
272 604 70
~
872 443 331
~
559 542 117
~
340 166 676
~
217 401 739
~
256 855 428
~
349 968 603
~
233 913 314
~
694 528 131
~
232 455 791
~
569 725 951
~
6 210 627
~
861 213 516
~
528 348 118
~
764 554 885
~
768 813 53
~
70 799 948
~
239 729 340
~
608 461 721
~
611 672 25
~
465 89 192
~
240 818 163
~
523 18 737
~
606 340 198
~
668 335 616
~
354 255 799
~
469 768 191
~
205 800 786
~
910 591 356
~
90 745 93
~
113 336 946
~
981 34 6
~
596 798 168
~
73 309 34
~
18 594 646
~
812 430 645
~
633 141 220
~
662 556 337
~
617 998 637
~
389 246 915
~
507 141 862
~
215 350 61
~
776 290 903
~
944 496 5
~
505 314 307
~
853 764 788
~
749 512 732
~
83 305 721
~
862 629 854
~
551 192 762
~
102 606 171
~
918 335 219
~
294 853 998
~
832 724 807
~
456 64 669
~
792 98 622
~
77 884 771
~
824 22 517
~
654 66 655
~
327 755 96
~
427 983 732
~
276 915 538
~
244 712 888
~
395 221 525
~
582 498 887
~
473 706 811
~
226 493 750
~
174 828 370
~
893 736 390
~
635 678 863
~
216 55 915
~
266 464 83
~
403 839 791
~
819 431 90
~
932 192 286
~
45 917 110
~
774 973 993
~
167 552 966
~
855 884 101
~
52 14 937
~
981 495 242
~
972 591 296
~
955 107 513
~
312 297 956
~
280 67 122
~
290 617 789
~
638 915 897
~
347 605 63
~
897 776 260
~
336 483 382
~
308 542 787
~
620 910 845
~
774 485 335
~
86 250 248
~
917 654 990
~
538 933 6
~
324 991 978
~
32 729 853
~
722 442 983
~
869 336 104
~
564 626 253
~
968 883 298
~
309 784 361
~
163 982 519
~
61 156 472
~
484 224 84
~
965 868 148
~
496 968 903
~
383 144 821
~
510 916 602
~
973 220 604
~
716 656 809
~
625 344 360
~
153 19 405
~
24 221 407
~
570 862 52
~
241 507 597
~
324 25 482
~
172 617 531
~
101 621 691
~
308 690 227
~
616 587 945
~
221 462 793
~
83 271 493
~
920 30 621
~
62 198 75
~
286 529 923
~
342 965 541
~
371 543 584
~
280 557 435
~
482 658 927
~
262 794 616
~
306 229 408
~
87 370 779
~
827 138 707
~
693 259 718
~
210 479 298
~
224 525 726
~
522 981 738
~
95 296 834
~
559 417 525
~
446 3 917
~
865 810 722
~
173 359 802
~
234 736 879
~
805 346 221
~
365 765 943
~
20 282 515
~
104 991 115
~
76 219 475
~
725 272 46
~
247 41 386
~
721 64 273
~
997 179 485
~
126 884 102
~
332 792 269
~
631 450 449
~
633 767 369
~
520 891 218
~
805 849 273
~
199 948 673
~
725 152 240
~
256 119 360
~
681 696 635
~
42 272 28
~
91 59 75
~
406 707 298
~
69 193 671
~
513 841 756
~
994 492 895
~
477 632 847
~
835 870 393
~
674 789 274
~
635 221 256
~
95 217 714
~
540 747 726
~
37 133 18
~
502 780 171
~
434 36 98
~
163 399 973
~
335 581 98
~
803 622 321
~
451 554 657
~
556 913 255
~
438 932 879
~
121 962 961
~
87 207 591
~
226 314 133
~
834 183 776
~
927 493 476
~
790 590 515
~
954 768 153
~
716 251 512
~
228 569 511
~
626 489 770
~
220 285 720
~
586 495 631
~
538 189 654
~
489 211 577
~
242 167 999
~
965 209 457
~
184 145 990
~
437 735 347
~
195 250 75
~
709 167 353
~
88 55 843
~
288 604 665
~
821 950 3
~
558 495 746
~
236 889 387
~
396 374 546
~
624 879 982
~
434 604 974
~
645 712 521
~
433 770 257
~
101 13 671
~
35 492 447
~
313 192 757
~
944 768 340
~
458 711 628
~
53 915 628
~
698 31 506
~
486 192 457
~
195 708 476
~
88 736 444
~
532 721 685
~
588 125 346
~
550 160 170
~
631 600 626
~
434 43 549
~
438 770 318
~
881 655 882
~
103 984 706
~
45 243 914
~
339 780 243
~
45 559 568
~
950 941 109
~
491 121 529
~
586 147 728
~
916 589 588
~
266 490 731
~
451 154 234
~
655 225 462
~
738 438 920
~
172 883 793
~
524 490 9
~
25 407 1000
~
763 230 409
~
905 315 485
~
818 535 950
~
377 447 859
~
780 634 113
~
634 554 796
~
579 751 791
~
953 325 967
~
888 933 226
~
624 706 283
~
616 758 648
~
500 610 554
~
236 706 566
~
765 609 907
~
928 725 488
~
346 660 426
~
358 940 839
~
979 750 851
~
970 883 841
~
687 397 436
~
401 80 697
~
889 615 793
~
162 717 918
~
808 84 67
~
750 205 269
~
916 761 228
~
314 858 181
~
98 312 885
~
493 567 942
~
684 867 117
~
949 351 225
~
50 722 796
~
1 923 257
~
107 47 361
~
512 701 593
~
784 396 138
~
91 674 328
~
110 753 649
~
213 671 836
~
672 541 263
~
335 830 927
~
369 52 579
~
966 244 643
~
721 942 221
~
352 483 170
~
602 933 297
~
391 165 245
~
982 126 495
~
897 392 912
~
2 746 796
~
811 675 77
~
454 519 38
~
32 323 363
~
895 761 559
~
971 623 620
~
391 734 144
~
697 773 718
~
724 164 376
~
706 608 944
~
719 573 317
~
126 70 825
~
538 679 21
~
548 853 651
~
138 753 365
~
992 646 60
~
996 620 56
~
678 819 125
~
265 383 782
~
600 432 660
~
250 468 450
~
618 534 227
~
125 782 887
~
178 774 413
~
854 249 597
~
834 603 713
~
183 610 617
~
1000 74 784
~
278 798 761
~
689 203 857
~
130 261 479
~
215 237 197
~
855 471 266
~
22 43 680
~
87 25 655
~
577 621 623
~
573 780 980
~
883 736 76
~
867 716 234
~
285 838 226
~
462 602 792
~
393 329 299
~
41 42 76
~
704 965 163
~
936 240 362
~
432 399 588
~
112 400 962
~
512 848 282
~
72 315 481
~
42 872 198
~
988 381 668
~
221 553 781
~
532 466 402
~
583 63 222
~
650 814 235
~
915 200 808
~
847 707 955
~
594 755 905
~
889 327 558
~
314 498 158
~
239 736 960
~
830 299 537
~
947 125 855
~
937 264 918
~
126 694 965
~
777 888 639
~
340 875 127
~
292 526 701
~
103 108 459
~
200 595 328
~
70 262 699
~
945 744 87
~
2 87 563
~
673 867 771
~
23 904 339
~
946 219 904
~
937 532 690
~
535 213 470
~
306 611 559
~
96 697 362
~
304 774 536
~
373 902 117
~
753 260 951
~
954 405 94
~
783 879 756
~
181 902 823
~
1000 727 954
~
820 767 982
~
791 298 364
~
193 821 206
~
516 456 351
~
726 187 113
~
783 579 203
~
227 755 728
~
397 114 47
~
352 85 701
~
695 942 832
~
771 530 701
~
851 307 2
~
228 31 454
~
187 599 952
~
559 959 753
~
104 389 946
~
644 119 339
~
20 328 577
~
165 24 739
~
10 519 955
~
365 787 745
~
647 777 699
~
2 734 628
~
367 331 337
~
25 384 688
~
347 720 727
~
703 869 528
~
210 877 136
~
349 896 778
~
49 369 800
~
533 125 989
~
184 272 845
~
340 998 825
~
94 621 178
~
46 59 150
~
36 675 382
~
931 73 101
~
250 906 457
~
170 540 929
~
649 231 790
~
903 489 759
~
927 563 666
~
51 975 705
~
698 543 993
~
819 558 19
~
953 17 834
~
157 861 482
~
609 769 455
~
683 391 155
~
300 18 464
~
484 96 952
~
632 878 772
~
201 308 576
~
112 247 841
~
894 586 460
~
582 272 582
~
487 298 874
~
477 537 725
~
361 699 494
~
746 210 548
~
811 264 151
~
852 593 58
~
127 352 916
~
318 358 204
~
448 465 902
~
702 57 77
~
347 441 52
~
657 603 677
~
565 521 731
~
124 875 347
~
999 174 273
~
686 143 246
~
860 420 263
~
214 954 785
~
787 812 283
~
312 237 919
~
146 963 469
~
648 10 490
~
620 731 336
~
606 247 522
~
175 824 715
~
84 236 33
~
459 361 898
~
48 886 949
~
294 197 549
~
667 782 666
~
599 766 390
~
978 140 911
~
933 152 463
~
111 337 697
~
287 555 922
~
553 690 179
~
630 499 6
~
8 896 824
~
899 327 199
~
762 806 792
~
38 690 213
~
143 711 743
~
999 582 454
~
937 55 600
~
334 419 279
~
991 916 187
~
764 113 812
~
470 578 496
~
772 938 32
~
244 560 847
~
390 331 46
~
393 16 600
~
656 92 216
~
536 141 560
~
247 293 316
~
983 484 826
~
290 396 307
~
251 116 612
~
715 18 827
~
359 378 46
~
34 981 565
~
404 296 486
~
481 276 677
~
582 565 676
~
535 746 624
~
455 582 905
~
591 16 989
~
40 132 289
~
809 242 595
~
844 314 421
~
958 11 567
~
324 894 770
~
935 394 871
~
262 817 845
~
787 741 905
~
26 67 595
~
83 842 90
~
780 474 376
~
398 503 39
~
188 424 191
~
453 458 316
~
325 948 333
~
780 82 718
~
393 187 358
~
803 473 439
~
152 213 985
~
513 134 398
~
121 210 50
~
638 129 991
~
859 939 13
~
170 943 837
~
662 387 338
~
613 947 805
~
540 240 6
~
561 397 653
~
41 70 961
~
833 531 325
~
846 186 215
~
986 628 857
~
332 286 444
~
129 534 367
~
881 270 341
~
14 351 517
~
190 440 421
~
463 268 113
~
931 314 865
~
503 197 153
~
