100
613 303 735
~
586 205 392
~
430 986 299
~
404 836 566
~
741 427 240
~
721 520 805
~
698 107 10
~
610 244 40
~
747 627 537
~
554 461 772
~
213 910 930
~
419 127 696
~
554 894 588
~
729 845 307
~
496 921 598
~
77 446 935
~
308 903 59
~
694 661 7
~
223 787 117
~
228 235 7
~
840 162 27
~
809 153 251
~
613 653 802
~
674 426 643
~
210 880 892
~
327 610 881
~
789 9 679
~
924 100 101
~
587 874 583
~
984 721 970
~
60 445 155
~
596 248 537
~
743 112 601
~
345 682 330
~
779 76 503
~
901 72 249
~
142 68 297
~
759 898 529
~
557 425 833
~
300 979 301
~
455 676 158
~
324 964 210
~
656 186 343
~
336 282 931
~
821 157 439
~
652 875 771
~
509 406 95
~
947 643 501
~
704 371 780
~
107 886 416
~
826 789 146
~
419 939 246
~
718 192 104
~
804 104 952
~
792 659 135
~
353 916 560
~
794 499 234
~
769 225 585
~
797 850 468
~
501 380 168
~
710 367 1
~
7 134 171
~
777 811 319
~
10 924 953
~
13 850 443
~
247 2 756
~
742 616 688
~
423 126 679
~
414 601 534
~
969 904 234
~
745 29 59
~
482 325 13
~
731 129 616
~
189 436 854
~
78 484 592
~
549 99 51
~
601 685 899
~
592 143 601
~
26 369 340
~
45 697 465
~
174 977 787
~
425 849 739
~
104 787 617
~
972 358 862
~
215 101 388
~
721 898 269
~
941 640 273
~
954 641 605
~
20 495 904
~
356 181 540
~
986 529 612
~
905 254 214
~
597 87 119
~
673 745 237
~
446 697 20
~
949 4 183
~
376 461 449
~
485 42 101
~
789 637 946
~
915 246 366
~
