1
10000 10000
1242 7843
7118 9704
7990 9546
4546 371
3044 4165
3788 9000
9454 3965
604 1032
8672 7202
9419 9704
3818 5621
5294 9942
1426 8404
1342 3886
7944 7212
2550 4296
9534 5977
7325 7700
4824 3970
5573 7801
7920 227
163 8858
2590 5738
1664 5739
8742 8534
8287 6946
8289 6541
5840 4561
8576 1662
8548 163
2318 4854
1090 677
7158 4150
7786 8295
4854 2436
7416 9939
8290 4353
9338 9341
2316 1724
8581 2923
8466 4725
8966 6215
9848 3924
6581 1539
5976 43
2318 7101
5351 761
2739 5267
7722 9729
2892 9272
4616 7994
4209 8728
2050 9352
8313 4872
2480 9195
7732 8881
5454 2214
9254 6767
8919 1923
1556 6949
6369 117
2212 4212
2234 1389
2928 2107
4528 3762
6620 5824
3959 7595
9897 7136
1254 7246
6440 52
8547 8255
6995 8165
8705 2193
2072 5265
2007 1984
6311 654
1123 9362
5678 8415
399 491
4755 1797
5042 9280
834 6087
506 8255
8856 3621
2120 2045
6495 1353
6524 9071
2986 9119
4148 6766
996 7478
3391 1156
9588 775
6839 12
6980 5734
8894 185
5586 424
3655 8533
2518 1764
7961 9822
9733 5964
560 5900
2534 9886
2964 181
3827 5573
7406 5556
9186 2118
3432 2088
9940 920
1508 5209
1037 5139
7312 2657
1526 5100
4456 4680
3776 272
572 2208
2682 7440
4948 1250
7572 9707
4962 5721
3604 690
1031 6333
2153 2536
3032 3027
3583 9560
50 5619
7890 7468
3020 2921
183 3963
5692 1169
9063 3666
8668 6461
1053 2342
2286 1449
8674 1209
5694 4353
678 3116
8967 4385
3298 3956
3641 9516
6540 2352
2618 5585
7163 3737
9466 7131
5132 1706
8075 2360
724 5875
4816 925
5239 1529
9269 1832
792 7728
8880 8646
6609 2523
391 5910
1142 1779
18 2701
805 1511
5218 5899
1904 9603
642 5966
4223 2980
3709 9061
687 8234
5969 9544
8832 8575
2290 1415
3998 7
8785 2928
9997 2377
8638 4629
2091 8813
3004 9325
7104 3046
6325 2105
9209 9826
6621 8474
1270 1759
7163 4065
1536 9488
1317 9095
2463 848
7436 6734
3483 5127
216 5431
5410 1627
3973 2406
6601 6969
8446 8963
4902 8452
6872 659
9597 4877
9715 3766
8826 5811
1628 2146
8207 3021
1670 9184
7198 2278
6651 2469
9561 5879
9598 4452
8919 5788
3586 5857
8554 1104
1040 1257
7935 250
3653 1
3174 4332
6618 6556
6483 2857
8296 1761
5219 9624
76 2252
3907 9510
2647 8052
7662 9696
5593 8349
2565 8625
1599 815
6948 5177
491 4214
5907 287
1459 555
7930 7944
9036 4387
4264 9945
6984 583
3286 4729
8429 1876
3895 5754
6761 9363
2803 346
2947 3852
9892 4933
9060 4022
3136 6093
8117 5906
7257 364
3706 6425
4210 105
9216 7635
9235 2378
2739 2730
4398 1177
9171 3390
2738 2474
24 1498
656 2844
6948 7751
8716 526
3943 2512
822 5395
249 5
4698 1609
9043 932
7477 9847
1023 5044
4426 9253
6465 1540
6740 3680
5286 500
7516 2158
397 8770
9244 5774
8962 2440
7285 5012
6690 1459
8830 3732
6524 247
6911 637
7509 6610
8317 3609
7791 9886
1606 2385
7067 7867
8079 9893
5836 5277
1276 8317
2766 1937
1713 7898
5367 373
886 3488
9133 793
6640 7464
9896 5969
1310 5089
6073 2444
2432 2471
4474 6570
1279 8455
7608 5177
5769 6577
7663 7088
8572 8255
1717 8208
3557 5381
4154 9608
6313 7610
30 1353
3315 9286
3860 2105
9583 9164
4165 2171
7879 4922
6568 6798
3757 8558
5312 7221
3352 668
3687 8135
2690 7533
3226 9544
929 9034
1092 6568
788 7289
7839 1498
3041 7607
7992 3656
6620 2551
2611 7669
3370 4090
112 3411
4247 8655
4332 4198
1189 3741
4602 8985
5655 9967
8499 1583
9565 4303
6956 2205
5808 694
7943 6038
2352 9938
2413 1223
7115 8729
1931 8340
4433 510
1690 6546
7766 194
4051 9990
1992 2012
9954 270
3762 8700
138 9183
7553 6812
9674 3071
9908 9784
2655 692
1209 8432
5018 8236
3429 6667
2339 30
4484 9358
1198 9169
8067 110
9709 460
1897 6338
1526 8222
9277 6829
7671 6415
3636 1290
3879 6854
6522 312
1214 8700
3619 952
2551 960
4962 7429
5445 2269
7594 452
7381 2618
2099 7436
1779 7920
6624 519
2719 6369
3198 6777
320 6566
1679 2641
8585 5770
4424 749
7020 4214
4248 8931
9533 8492
9850 9262
5320 9336
1884 3782
8454 8291
3857 3923
4891 9434
4244 226
4707 2143
799 1993
4239 9374
2362 3176
7818 403
55 1664
8706 8906
110 6745
1027 2759
4965 2511
197 9191
6130 1212
4249 422
3300 2348
607 210
719 3004
1981 7504
550 8644
2507 1022
9789 7079
1682 1401
4127 6345
6294 5360
6110 6177
3713 4056
8682 5775
8003 1778
4228 2015
7911 8842
1891 4814
183 5744
9895 6572
9570 2780
5195 2227
5133 2446
7648 1480
8056 2244
8856 1871
3970 5376
9504 8115
6512 2745
5346 375
826 721
2426 2870
4822 8982
7063 610
6266 6909
2436 6059
5820 8364
6216 3726
9052 1030
4747 7072
900 7549
2426 3579
1150 2738
2668 9161
1655 9249
806 2494
451 4396
4859 5099
1985 804
520 3887
9504 2095
6896 8465
2386 246
6596 684
8128 7838
5013 5802
4718 3690
4524 596
8641 7679
330 9480
222 2360
2411 8269
2820 4859
8017 1891
6941 8171
5470 1518
3633 8911
2482 8197
4236 19
2518 8902
5921 5918
263 412
95 3716
9111 3075
4179 9645
5105 7723
8301 3702
3484 7627
6343 3382
738 2152
7780 2243
5553 1399
390 5878
5217 7071
4115 6572
9975 9667
7384 7534
4665 4894
2622 2436
7811 9423
7964 1766
4730 8872
8061 4963
4384 4289
820 3221
2519 1122
365 2548
1448 7985
8438 6266
9014 4313
8078 4391
5391 6364
2700 1399
4739 4041
3971 256
4824 4609
1589 1920
6525 855
2213 8967
3134 231
5746 1312
9671 4217
2177 374
2573 8453
2297 9797
137 8248
8261 9102
2230 2328
677 5439
2125 1125
9127 1490
7550 6321
9109 4437
1234 705
6782 298
335 1220
7545 3808
1932 4259
5702 9217
7078 9306
24 2637
5506 151
1809 5320
4387 7456
5356 9567
9118 5753
3617 9441
4892 1574
3204 2859
3649 8398
1103 7444
7019 8513
2337 8843
1388 5947
9511 6029
1852 2537
2762 5708
1624 3163
249 7100
2799 5435
2168 4608
2063 478
6281 8548
1724 104
7322 7180
4753 3013
2288 6189
8490 7157
403 8234
6944 1383
2713 7203
5286 1161
6887 841
7349 607
1813 7492
9907 2674
6242 6136
6265 9723
6504 8853
7188 977
8000 3839
9579 6575
3529 7918
8787 5993
1718 5782
928 2848
4966 3657
4510 1987
5704 1851
4959 4905
9117 3447
1349 2141
9632 6177
5537 5321
6980 4923
9165 5974
7006 4027
1048 2979
8563 9613
688 2116
7650 4501
8020 1725
9237 4680
8154 79
3908 1772
783 1425
9786 9213
7037 7827
1324 3201
2658 3744
3720 5230
4271 6210
266 2618
5501 762
4437 5556
5703 879
2032 1089
8020 9574
4574 6857
819 4292
8659 7315
4573 4641
7523 4638
85 4749
9997 7666
7219 1639
505 2774
7857 5515
6174 3699
565 5867
1511 1161
6849 6962
8391 4225
311 2597
7802 5138
1377 1739
4045 2712
8432 4734
9345 5170
6179 3410
5724 3707
1163 7526
7201 1691
6780 4281
1745 3342
4519 1647
5154 9142
1414 4996
8879 1805
470 4400
6288 7309
4668 3323
8315 3107
4050 8226
43 6321
5905 3643
8272 2979
2627 7334
6983 3413
9401 3925
6460 8531
3530 6093
5117 7809
4349 1709
880 8172
5353 3231
6248 1217
4267 8205
9412 2860
6537 1813
7721 9203
6885 8000
9873 2516
1027 8863
3571 4972
7278 1351
9493 1002
3351 4607
3392 1076
3184 1015
5939 4120
5240 1979
8907 5845
8024 6568
2209 5547
7822 6831
3795 4992
1015 8360
1384 2405
9203 2856
8462 9001
9011 2790
1415 1708
390 4458
5284 2918
5877 4455
9759 2424
2763 939
1567 7475
2521 2389
1272 6729
7721 2022
2994 3233
7857 9323
8892 5342
9578 1930
4767 8194
9170 4426
9719 2511
5103 3096
4944 2910
4661 760
509 5076
2905 585
7615 2450
311 5131
9795 5644
3937 773
3357 764
6777 2050
7109 7079
2466 3340
7839 848
1057 4541
7135 28
4137 5377
1532 694
3272 7984
1308 4954
2672 1018
5450 819
6202 3517
992 6642
7932 8330
5881 8725
5979 1512
6065 4519
1876 8092
9482 6901
5014 2860
3726 2493
7520 4277
8645 6903
9036 864
426 9336
1212 5187
3497 3733
3076 5253
6828 9526
8616 5668
6471 7019
9607 7290
2624 4771
1624 1116
7987 3530
7172 7749
2452 4114
1461 4499
1990 390
5021 8529
604 5355
8250 869
8750 1944
2697 7738
8974 5032
616 9184
4124 1165
6256 6739
583 3575
2371 5018
1620 5781
8818 6192
9556 9019
2450 9496
481 1269
4352 4061
2841 2043
2115 1272
1471 9013
1505 7078
7310 7873
1380 9816
5919 3650
3886 4172
5197 2283
5483 3884
4167 4957
391 6134
3862 622
128 8540
1103 1691
4300 9997
4955 5838
4446 2436
1733 2291
5637 5823
5140 5704
5509 4099
4906 7987
2922 3117
2380 6889
106 5708
8147 1691
3723 270
9313 2515
4677 8200
5736 9297
7369 5322
2648 591
7427 8769
7272 155
2619 5743
2583 5286
7074 9704
5635 1480
9643 783
4858 9094
5928 1313
7583 7639
343 6671
511 164
2364 3410
8836 2750
7456 3770
3978 2020
1018 1976
96 7540
7982 7820
4881 3554
8995 3297
1395 6920
8330 6360
8784 1405
4251 6051
2468 9944
3170 6467
6102 6438
2762 1939
5291 7275
920 7223
7654 486
4028 4895
6484 6567
3107 6720
7928 9317
1969 8213
6978 891
1885 8258
2662 7572
8621 9177
4298 6775
3124 8929
927 4388
457 8852
4260 3583
5513 7847
6439 2060
5808 4895
5918 4220
4612 4626
7205 4327
2771 2316
3144 6539
8446 8563
1812 7683
1429 13
8841 5627
2517 5313
3874 8931
1648 347
6408 3411
8684 3188
2052 1918
6254 481
2148 2970
504 4634
3312 6671
1489 4606
7693 6957
7540 4117
7745 9235
76 7942
5064 6717
5054 6091
7255 9630
311 2690
5599 2287
7576 3844
4724 4342
8575 7451
2127 778
1256 9056
1968 149
3219 1379
6088 4572
5624 5439
1558 7132
3576 716
6209 1285
9670 8183
5733 683
5431 7743
2737 6762
725 5793
6416 4858
6522 2743
2615 7699
8731 2188
4015 7667
1906 1763
6370 61
1617 2265
6700 917
5956 3383
1482 7130
2230 493
3558 2002
3143 4668
1926 1644
1900 9762
7601 2562
9927 5051
803 6510
7257 2006
5411 2302
2037 3254
9779 5131
5831 6314
1736 310
7317 2128
1596 308
2757 5605
5632 9836
9055 3759
4309 2766
3492 5695
7708 9495
6399 9745
8156 1010
8090 1238
7237 9009
1413 6180
6291 9740
1043 2988
8661 4137
2773 429
5998 5132
8203 5319
9212 5073
4855 5378
1463 2520
357 7216
7452 6800
9625 3952
4875 1560
3879 6292
2925 146
5608 8166
7386 408
1419 9670
746 4163
1819 135
8410 9706
2448 6187
3906 4312
8312 2716
2004 3250
7047 2701
3735 8567
1069 8704
2662 6776
2503 2793
3795 5481
9048 738
3279 9145
826 192
1918 1263
6191 391
2982 389
1837 5674
2745 3258
4970 9029
516 9394
3971 6974
3047 3521
8275 9561
6421 761
3235 5579
750 2191
8397 7185
8460 1748
5589 4835
6762 3715
3706 1475
6444 102
1337 458
43 2254
915 1477
5855 8115
2304 5771
4226 2264
6564 451
866 6947
2273 5939
8119 9324
4701 1932
7847 5043
662 8629
6678 2743
2723 8196
418 7253
3916 1972
9070 4589
3853 8980
76 5899
4615 5116
6769 2804
103 5366
1140 4255
8283 4378
1511 3335
1250 2233
6169 6878
692 287
8186 8676
4914 6499
9105 4040
8399 2561
4379 9887
959 1594
6741 1955
4863 1946
9755 557
837 9434
6658 5397
1321 6150
8259 5321
180 2642
1353 3357
2791 4969
8462 9250
5264 9623
7136 922
6073 6551
6714 715
1025 2207
6448 2050
5008 5179
7386 1113
4021 2311
5573 1340
3905 1889
4214 9321
4169 1614
5601 7143
5464 2588
1497 6840
9300 1943
6185 2145
7922 7488
3634 4281
7852 1003
7462 7440
8402 7416
1748 6403
5455 9253
7541 9613
9949 5282
8647 2944
907 4900
1543 3620
6910 9502
9172 1231
3094 2365
1122 214
9091 5363
589 5202
6855 6534
7854 8711
2558 6010
4515 8529
1483 1116
8185 464
5828 8160
5949 2277
2466 8318
4388 7501
9489 2984
4024 2382
1567 928
1092 4192
8883 9384
5377 7198
5691 2953
8898 6396
219 1991
780 9772
66 1589
7403 700
2079 1573
2865 9745
5924 6051
2544 8986
8026 595
2634 6590
1878 4968
3975 3096
1834 7974
6455 6932
862 1706
3368 362
5521 5609
2458 4283
8635 9958
1057 5385
6165 1320
1259 716
8907 5115
7619 2066
8736 806
5013 3094
2803 189
3619 805
3873 8775
9095 5709
9418 5379
8314 1495
9529 9094
6580 854
6238 40
3748 3376
5246 6881
2579 2429
7886 5358
3797 8990
299 1304
752 8543
8126 2359
911 1152
7854 338
9225 9472
8951 1082
1214 6171
233 5592
8065 5687
2468 2324
4348 4553
643 6952
4465 9533
1574 9460
8461 3029
5556 8995
7330 8689
7712 78
7173 1760
3564 4271
5124 1574
363 4297
9356 4559
860 8534
6954 2388
1924 1825
7697 4283
6138 6677
1372 1315
3065 5701
4964 4016
4274 2766
4580 9459
4736 3082
763 4046
6016 4790
7425 4471
5104 3334
462 7851
487 6728
2872 9205
822 9158
139 7263
4142 3184
109 4472
465 2425
3698 4502
5917 2417
7454 4190
151 2867
1546 450
3316 6399
7417 9098
702 4875
2058 1030
3428 3734
8864 1795
3155 5005
9521 8140
2292 2817
908 339
2422 3576
1023 3600
1342 2500
6024 8089
987 2065
7050 8899
4335 4514
5970 2728
2459 7359
9338 1801
8154 5096
2029 7685
3458 1181
6892 3659
2390 5600
8049 7661
3663 8699
2035 1446
9403 4015
5481 6541
4822 3372
7378 1114
9337 6536
1844 40
1761 5898
7300 7195
7298 38
117 4581
5115 6798
7572 6052
395 3542
9236 9821
9460 4632
3333 6431
4815 7178
3371 6801
2544 7853
5836 5374
9979 9079
3385 5891
535 7363
6913 2501
8723 4232
6002 4824
6518 3799
1153 8574
4731 5097
4524 7612
8397 6585
255 5204
4751 8653
7892 3534
2816 3866
7230 2680
5916 5208
9591 7008
1254 9764
7880 1263
6149 8102
7674 5400
9372 5266
4891 5505
751 7938
6323 6466
9603 2596
9639 3740
3317 4320
6829 1580
3150 8141
5105 591
8197 4436
1815 4760
9701 3940
8643 3584
4064 2984
5478 701
1460 8806
8617 4918
2430 8954
2159 9222
8285 3539
4294 3504
1544 2043
318 2114
8834 4700
4509 2156
4796 1025
6530 3458
4972 8027
1912 2288
45 7734
4877 2527
8343 395
2596 373
1744 4247
217 593
4659 3116
1299 6983
7392 7830
9150 4792
8468 8705
6457 4215
3387 2921
2557 3751
9475 1298
6368 2297
2435 9353
3689 7316
1660 6074
8597 9221
4830 6371
2728 8234
7790 633
3704 4922
5750 746
6471 2840
3965 2611
6239 167
5801 7282
3843 1999
3395 3087
9427 8480
5434 2359
3152 615
3595 7481
5425 2607
1983 4325
2582 6138
4517 2688
6059 7392
1201 5229
7775 2423
549 7241
5109 596
3567 486
4986 897
2995 5563
2777 2272
8475 7721
8556 9214
9644 1857
9555 7163
427 1860
553 6777
7760 9787
1653 9954
2489 3241
6447 7120
8450 717
8596 3719
2372 5356
7404 6086
5084 6494
6841 3358
2381 7320
3074 7937
312 9274
7266 6080
7083 3642
7003 6190
983 4193
5278 3656
5287 420
991 9609
6750 2294
5428 4936
368 3932
399 613
9780 945
5245 7989
7672 554
541 2858
486 4333
805 806
8566 1854
177 3361
8195 2074
7694 4409
2194 4392
2263 5514
7840 5756
8605 8975
7100 238
8396 3863
4981 7882
8651 7899
1797 3273
4372 6382
7294 1072
8389 1046
116 6824
7910 1915
9483 4126
6701 5310
1042 3691
3470 2332
9121 6023
2630 8818
1807 1978
938 931
199 8035
3692 5848
1899 5004
334 1096
3945 9757
5274 296
7741 3632
1457 116
9944 2181
530 6014
2752 4375
1245 2198
9608 8079
2441 2940
3425 6072
2691 6018
4416 6034
8504 8389
9282 27
4852 6989
9726 90
9916 5843
7770 6574
6121 6403
3521 8135
1686 2738
6243 6179
6269 194
557 9740
5548 1907
5050 1424
669 6268
1002 3809
9958 330
2179 6301
1167 392
6165 769
5042 7696
66 6394
632 8321
7470 3948
4177 8882
4595 8055
2643 501
4840 4422
7128 1775
6707 3386
4241 7928
8332 8887
6432 270
8517 3772
8708 8879
3639 7161
9350 7958
7582 7516
3300 3589
4055 9949
7979 2709
7817 8171
1290 1946
338 8373
2165 1322
5347 3758
6199 4654
8095 1627
2268 5066
7616 6063
958 826
8603 6393
5806 8686
1268 1884
325 4568
4389 9296
4572 7971
2843 1143
3785 9062
1010 674
8842 6953
7619 3556
3383 3048
5290 2455
6083 5365
6796 1550
9283 3090
9753 6731
579 8496
3471 5123
261 3794
7359 5214
6939 6677
3540 803
6823 2724
1360 467
6849 2263
4329 3012
8825 3275
5461 2930
9693 7304
9234 5057
173 8863
7401 9270
4109 7027
3460 2071
9547 2906
5165 9296
4033 1859
697 199
9453 3978
9205 8034
4608 7401
8751 1575
9604 3986
233 1908
1954 6347
569 2320
8002 4280
4100 2402
8339 4943
2973 1249
4206 3720
6088 428
9078 5876
4804 4363
307 5744
2904 949
2048 778
2781 7907
3457 163
1773 3845
457 677
3370 2132
9499 4582
6785 8423
1183 3934
7905 1466
919 2693
3415 5868
5730 1041
3276 9239
4209 3887
4129 5158
7833 7360
3545 7122
472 9734
25 6029
3227 5038
9899 5891
975 7952
4633 1389
9287 1173
5544 4136
3182 3689
9282 8470
221 8993
4921 2756
31 6143
7865 1131
2131 7603
2333 778
5857 9732
1013 1348
865 2431
3814 2518
2168 4447
131 3724
804 3167
1179 3733
7915 2444
6370 5620
9215 4093
3780 2056
7300 4887
6871 3246
8309 2988
7361 2421
2708 7365
1306 9986
4400 6880
1235 2918
9628 8763
7383 8989
8158 1905
5953 2871
1621 7636
5134 5837
3647 29
5284 3500
7897 9904
2755 3174
9544 8787
3771 2042
3704 7248
3551 496
9139 3432
2441 6137
565 8539
7197 9734
4205 3174
1778 8920
8694 4284
2110 7704
422 8744
4561 9897
1591 5617
2134 8186
2212 1295
3637 1616
9414 5869
940 7028
9121 8160
4640 5977
4536 7751
7534 2416
8840 1012
886 5695
3108 5882
7147 5407
7948 7670
3668 3269
7731 6627
3239 8388
1425 2297
8726 4033
2759 9894
4442 3799
7121 928
1968 2684
6224 553
8593 3556
7929 483
1814 3460
6728 9494
636 5961
3369 3569
1588 2090
792 9405
3774 3947
3799 2904
2199 2468
4544 7857
1104 7858
7420 9855
1025 8492
5428 4038
6654 5272
8838 444
649 4463
6538 2361
3513 6446
868 8686
4233 6815
8669 7832
5827 8935
222 9717
2447 5473
7932 8470
1286 1851
266 1317
2572 9311
1531 8873
1310 9750
7672 775
7016 4632
4641 4667
2794 2310
9527 6296
7212 1579
537 428
6495 6416
2013 359
9254 9120
1202 9550
3125 8492
179 5483
5993 271
7342 8663
9928 2004
2038 6843
9162 4647
8263 2931
3272 1833
3768 3461
7524 8040
1765 352
8953 3358
7533 3479
2100 3161
7753 1856
836 6091
415 6313
4206 1251
2486 1659
5956 5420
2746 3345
2263 6100
1442 1082
5818 591
5680 8269
4633 5997
7305 6477
1386 9562
3878 4285
7394 9332
3338 789
1947 1330
7429 3254
3221 275
8 3515
3387 677
3178 7696
1191 8103
7179 5991
9081 5297
4391 7065
4931 7234
4461 8474
3593 2122
1344 7936
5703 3049
4365 3621
1763 5416
254 2315
1509 119
4239 1759
2292 2358
1616 1105
515 680
9754 3635
7787 2725
4997 7217
1739 5519
1192 1728
3150 6503
34 1689
7292 4481
4058 7799
8899 7925
2818 4991
7 2775
1234 6864
4983 1273
6146 1340
8962 3071
6870 7398
9978 2484
6865 9884
9768 8300
2276 9030
945 8233
3254 8287
2120 7474
6296 5412
5283 1264
1625 6571
5506 6683
5560 8406
925 437
824 6120
9421 6501
5817 8071
1470 2551
9796 1714
6195 2241
5911 2277
5643 1209
5810 8731
4307 5093
81 5955
6156 675
3611 3366
2798 6731
5210 6136
6284 4626
1212 5261
7242 8640
1769 8319
1389 2660
3398 8685
659 5990
2650 773
4755 2157
1247 580
4901 2387
1227 8029
68 4229
2751 9945
8067 9791
6064 1679
8847 1448
8836 1301
1939 6378
2255 3749
2177 9221
3247 9490
5888 4643
9861 3997
801 2335
1845 2419
4647 2546
8975 5946
581 8367
3455 7436
1658 9184
8050 4066
6939 2415
9498 565
9952 5817
9923 1841
9586 5936
887 9388
8146 9745
1103 6069
7918 6902
1388 5552
5680 1820
2149 5889
103 4055
9937 2454
1914 7444
4519 2506
9434 799
4964 5944
7415 6743
5309 4717
9910 9343
4902 1889
6786 2054
3986 2983
5249 1081
5163 3378
5368 7367
228 5914
1585 3398
2382 2640
3035 3556
1176 8079
1283 8240
8507 275
7394 922
8532 1903
2759 1577
7075 1529
6391 4315
2308 904
2482 162
4427 2017
2471 29
9510 4254
8523 1332
4174 2193
4454 1257
6078 6504
2446 9211
2134 2961
9881 2108
370 335
5516 4837
695 3869
5705 185
3918 643
8153 568
1941 1383
2678 8165
4177 6549
493 89
8504 802
6994 5193
5167 3677
8964 6550
9359 7192
6258 4964
8413 8822
4414 9693
7786 8261
3169 3606
88 7645
1343 3251
9198 5177
4141 1047
3534 310
4848 270
4533 1946
1175 1998
6739 136
2956 7626
2428 4416
3143 8906
910 9116
6228 4008
7412 9544
1382 3900
6138 7537
6139 298
1969 2594
9170 2698
4773 3226
5019 8073
7390 7362
7214 4750
6980 8286
4318 8176
2326 4339
4079 7030
1229 9304
5510 9550
6300 6351
5408 5138
3579 5045
8246 1095
6453 3848
7007 3592
4670 2089
2214 4228
3705 2578
6718 8515
1656 714
6259 9534
1541 3222
1235 7184
2321 418
2893 7079
988 1105
8936 3375
740 7841
1143 626
5889 8483
1051 648
7888 9402
3722 6133
7150 8609
991 2036
7193 7409
2530 334
8529 2819
4778 5360
7796 900
2319 1259
1210 1719
8117 5581
3838 5471
1622 6705
2254 8764
7167 7234
1445 6773
7374 182
9063 8568
3802 8809
6829 7470
195 7575
6018 8674
3500 7838
844 8291
2742 9586
975 2664
8799 3475
4206 2116
9787 5517
6260 7979
5377 1471
4707 451
1546 9438
7819 2750
309 6010
9996 2935
9631 1088
5471 7355
8657 1810
2546 314
4730 9621
259 3901
8222 2457
5535 4907
751 542
7355 5975
5404 7925
467 6860
695 8724
529 3548
2603 7263
7408 484
1757 3539
7089 6452
5666 3684
9102 2095
6626 8986
3309 9182
3323 9911
9400 7305
1241 3628
6491 8088
1125 4845
1101 9831
2588 4002
274 8841
9697 944
5968 5902
805 423
9808 1816
9638 1852
9064 634
86 9210
7575 3282
733 9669
9728 2953
5762 1152
587 3448
6118 2463
8568 2301
7233 4063
9942 7534
3073 9109
9395 3453
4320 68
1300 3085
9845 8387
3335 340
1774 6350
7543 2002
1245 2011
2800 8433
9360 6160
3604 9437
886 2996
8254 149
6254 531
84 2322
5602 3030
2066 968
388 6402
3509 924
5256 7343
6244 3029
5507 2060
8134 2165
2578 1969
8320 1129
5933 3462
9934 9999
7325 2338
5125 1128
1820 2326
5526 1390
2621 5963
5173 9224
7644 3417
4346 7020
4534 1994
8936 5156
1804 3598
4076 8852
2148 8256
7272 2442
1617 9000
1009 1799
2564 5603
2038 7629
6642 9504
2594 9482
8088 4844
6100 3636
8029 3473
460 1317
4967 6522
440 7818
2801 8282
6065 934
4299 8798
9600 1804
4162 6016
6997 828
658 4349
1433 2221
6745 4953
6353 2365
3965 8594
6278 4261
9569 8994
5539 4785
9076 2633
2143 2286
8411 1802
7996 1076
4768 7972
9295 7126
9098 6116
1265 1335
4287 4890
3637 4880
1464 1625
603 1296
3604 9811
7796 8563
5295 5236
3703 2182
3540 8477
548 4473
4625 9909
3575 1893
4522 2139
1006 8193
2496 974
6991 288
4132 4448
6868 1917
5143 5305
7880 1322
7283 5848
2327 8645
7087 3055
576 9292
4735 8656
2814 9394
7979 8418
2472 867
8689 6873
8966 9428
3741 629
7781 9518
9496 5001
8924 5357
3742 143
4992 4052
2212 7738
2197 1251
7370 6140
8822 156
430 1449
2918 7778
2785 4283
328 5427
6558 1432
8060 5432
8296 2417
1516 810
2147 2204
5494 1863
3766 356
1946 1045
2527 5727
2086 6071
6343 1009
1536 2606
8088 5424
2724 2225
4972 1751
4287 2335
7112 9822
2763 9908
2169 9274
7579 2507
8013 6465
1850 4436
6726 5761
5791 3190
4826 2049
1796 1894
3054 7016
8855 2729
7637 61
6448 7206
2707 670
5764 3839
1799 4197
8202 9505
6377 2504
8556 3978
2719 6336
6688 7323
2982 3468
4007 9631
7103 2615
709 2155
4328 9111
4115 405
397 8520
8962 138
239 6488
2145 3210
7924 6996
6320 9975
3550 5171
4069 79
6048 7889
2751 8341
6207 1727
3882 7767
7046 5321
1635 3227
7532 5080
2156 1003
7385 4249
4721 3076
7895 4717
6780 7513
8022 1570
9718 13
6866 9779
6943 4993
249 3644
8976 5482
5080 6080
5903 4327
6501 1742
4196 593
8882 2769
4857 9219
1008 1608
3302 7181
1011 3701
62 2068
1557 3257
3348 2956
7277 5056
7042 5624
6193 2569
1116 6913
9897 441
2064 5990
9782 8208
8672 9907
2371 8396
1764 2469
1675 1405
9401 6556
3771 153
8351 5986
2153 3840
7282 1243
9046 9170
7430 5437
9984 80
41 7139
427 1553
3091 8764
2592 7494
4929 1465
2534 8240
9459 1960
1185 9200
5602 2714
904 8079
9510 6635
363 4319
3943 259
2517 2050
2675 3384
9118 9113
4511 6375
3588 8992
1217 4147
5868 6056
3486 204
9987 1413
6031 5460
2730 4233
4073 3502
4913 2624
4605 2408
1970 4910
9181 27
5810 1990
6080 7744
6324 749
5640 3942
8543 9630
4642 193
6400 2334
4446 1236
3123 8163
0 690
4734 497
4869 2481
4382 693
4506 5489
5847 2277
122 2444
3126 119
5222 2286
185 8050
9658 9335
529 1475
8606 446
8983 9520
3034 8776
9181 498
2461 234
2550 126
400 5083
8440 5860
518 9085
8865 2300
87 2350
6440 398
3645 6266
7285 3297
7919 3923
2564 8135
8780 2243
7030 6183
2362 9985
409 1562
2176 1091
5689 9
3728 1379
2294 6231
985 9125
2056 76
9212 6456
3808 2385
3629 3802
2833 755
9661 2017
3743 4978
7878 3944
9191 8409
5126 3894
7903 7331
7711 5126
591 9019
1966 1618
8928 5508
219 3632
3380 7147
8288 3346
3831 5706
8958 6201
7268 2831
940 4266
6475 1276
4578 2164
2737 8735
4677 6944
7768 3845
5299 9690
3393 6939
8417 7919
4639 2997
1267 6119
494 9810
461 7317
8420 8352
2151 4093
9654 4988
8470 4262
942 9133
9065 7312
172 8914
6720 7447
2187 5512
3748 3160
7158 5536
435 2579
6266 833
8683 1122
2445 2506
1225 1769
7263 2842
2 6367
4288 5300
1313 236
6178 7949
258 819
8161 7144
2080 9426
9424 1268
5066 2167
6342 8564
1562 4229
9497 1215
5753 4200
745 9961
1197 4742
8897 5602
9733 2934
4089 4894
6423 5061
3455 2724
5815 2374
4759 843
1163 473
9984 6722
9996 9904
633 7918
6624 2750
2261 1945
38 1937
1067 2281
4417 4450
9632 351
8377 1963
9977 273
3102 9016
8428 6827
2126 5456
6022 9409
5033 3894
8754 9240
787 7819
3880 5782
9403 8822
4101 3654
9529 1943
6010 7088
6205 6520
9095 3641
3397 949
8729 8231
3007 7022
8993 920
2624 4570
9399 388
7108 2094
95 4559
8424 5615
6859 8019
7731 1604
2337 5342
9260 5615
638 1224
2536 2910
219 392
9299 7341
2351 3703
8449 8638
6358 4037
1173 2476
3729 1610
8690 428
2749 1248
8161 9556
4504 4175
7330 3825
2065 537
229 9844
4176 2440
43 4060
3718 5588
3785 7914
9782 6377
8558 3601
580 2504
5909 2957
8620 4589
669 6117
7702 3474
5686 1396
4217 8545
9038 6692
2766 3903
7710 5308
7239 3240
9407 9516
9151 7045
4368 4933
8579 2389
5884 3519
9490 3787
6472 3589
9537 52
4587 1028
4785 5468
6497 9444
325 1874
8817 7750
623 168
2941 3711
5675 5343
1961 3459
3854 8179
6224 4454
4304 9859
9796 7407
1464 2645
5701 2974
1638 2407
8804 1663
1607 7064
6520 4735
8548 4120
7745 4718
6205 9661
5899 550
9492 1383
4164 7483
1244 2471
1569 3556
1140 7820
7550 1689
958 6669
710 7965
9782 8046
2338 7470
1855 8157
1492 395
7071 1692
2023 9957
7854 4
831 4041
5627 8743
4823 3356
6976 1767
8587 344
1271 54
4290 7431
7437 4589
113 3677
5750 8113
6556 9770
6993 7010
7581 6736
1005 214
4666 6003
4460 9958
5187 4495
7943 4023
7865 1950
3859 5212
9733 3945
9970 6794
4744 7566
4748 2428
8494 7316
8256 9128
7945 1755
4566 1953
2459 8935
6855 7295
7652 1727
991 8348
685 2176
7233 7503
5107 7080
4171 3087
3433 1744
7740 4720
1527 745
6212 9042
1943 3274
171 7899
882 2328
2661 6913
838 4888
9123 1453
4235 4481
2957 6828
550 3910
3984 1448
5181 1666
9042 2966
6845 2148
4782 2497
9608 1949
6764 1655
5283 5272
4063 4914
9327 3962
2678 8650
7861 3514
8171 5961
1096 7954
6416 9888
1206 310
2844 7336
2911 8805
7376 5259
1401 126
5454 8003
9075 6341
6348 2019
2073 8054
2197 4342
5128 7608
3793 1220
2946 294
9591 540
7267 3242
7968 7614
6117 7483
925 328
7169 3465
6923 1508
7271 8902
5510 32
672 6487
3756 5790
146 1851
5460 637
2484 555
4031 5352
7011 3427
3133 4125
1364 1616
3059 5696
1946 2555
1196 7569
4714 6325
3213 7787
7822 4419
8701 7663
9191 6828
2789 8688
534 3455
5509 864
3484 267
1959 3532
1409 442
2711 2099
5426 3453
4915 4349
6862 9214
7392 5417
2964 1634
2318 5767
693 7485
172 5351
79 9211
8862 3730
1309 7916
7086 7912
9801 8847
1154 3849
67 1586
4701 1832
1079 4841
71 460
3306 6637
1873 3913
6149 3815
3620 8256
565 1629
9226 5074
6673 5660
9632 5066
974 1304
169 43
3761 8575
9574 5527
115 3668
2405 1603
2297 971
2840 9911
6916 5024
6696 618
6389 237
2585 9821
7014 1403
7631 2487
1894 7305
1601 6913
7843 715
4430 7507
44 8069
4653 9551
4647 7288
521 9979
3713 1675
9149 2485
7604 1134
844 1235
926 4603
9684 3400
9424 2383
1316 7998
1011 8215
9051 6320
658 4270
5395 9766
5684 4422
8207 8039
3800 2997
6208 906
2311 6962
7166 8030
4020 4448
229 6219
9351 3562
7006 296
5914 3935
8672 2927
2723 8801
2342 5933
5204 1112
9362 8270
5599 8301
1522 5945
910 3443
3555 8615
4658 8712
3908 1994
778 1005
7692 2476
1911 2866
1645 1877
573 6454
6715 3346
2541 7949
9608 1234
465 4179
8482 5378
9831 6079
272 1051
6353 6764
809 8250
748 1748
4165 4353
6768 638
5768 3357
2903 8442
1244 4040
1762 5818
4925 6239
6632 8115
7835 534
5232 1892
140 970
5234 6007
2369 1207
937 2117
5914 4171
155 7231
8811 1755
9612 3130
1153 6966
2815 3627
5056 2119
1039 4467
2479 3342
749 7468
1783 7744
3195 3701
5879 302
7624 971
7339 2628
5277 2457
3742 2723
7576 2032
9262 8145
5670 362
239 2319
1719 6396
4579 3211
9772 5867
7176 5607
5764 3280
6754 1306
3384 8382
1403 4454
1331 1267
6952 8825
422 6222
6094 3928
2827 9360
245 4761
40 6934
3579 3184
9270 6598
7388 2780
6995 8967
2049 7666
437 2998
1366 9099
2496 7431
4881 7114
2410 1832
4591 7216
1692 1180
1697 2563
843 8135
1496 6748
9321 6773
1420 9777
1318 7024
7139 6355
1546 9282
7056 3368
5879 8711
314 5227
1499 3366
8639 6722
2660 546
5881 6976
8679 7820
6207 1548
1682 3612
9903 6547
1616 9296
8171 3226
7757 9571
2497 7830
5467 577
3551 8543
1092 7146
6071 466
97 5270
1935 3702
8378 8856
829 5649
8639 422
2209 6860
7750 3991
6291 2196
8230 2174
702 7715
9140 9079
973 8398
5068 7647
2582 2704
4658 2440
7188 120
2265 477
3721 2158
1604 1155
8915 9147
8635 7057
1982 9849
6576 9346
1403 1801
7507 2408
7280 2804
8371 6723
5087 7620
2630 9074
4891 116
5818 3369
7225 629
5180 1811
7108 8178
6106 2010
8467 7910
4468 1286
9198 6621
3576 9922
2687 4600
3759 9717
8630 2805
3473 2159
6208 7887
9168 6162
8152 5953
628 8884
1358 8497
290 1426
4904 8763
6931 5094
3894 746
5138 3228
2762 9726
6518 7842
9208 4363
33 382
9642 1247
7592 8612
3479 4422
2740 2312
1429 145
5800 9809
7004 7524
5011 6959
6845 8431
2552 1487
1843 2064
6685 1260
5737 934
8290 2632
573 3225
882 6171
2131 5336
8990 5018
2124 2515
4600 6412
1784 9067
3165 8841
5962 5414
1031 2613
6828 5383
1026 2444
579 798
1117 4781
2579 8460
4131 1228
9702 6154
2363 8179
2073 7034
1052 9416
7912 5821
4741 5605
9371 5542
6908 4388
9504 4400
3238 5305
8444 7036
8295 5557
3372 2557
9177 4216
209 5272
7170 2439
4523 949
6497 7454
3445 9211
6746 23
4386 8060
7427 828
2341 1612
6333 6729
519 616
3559 1286
2213 20
2655 4132
2344 1942
5883 1013
8010 5249
5655 8016
4581 8244
4047 4373
6078 6725
9696 9695
3938 8552
5658 6808
5775 1300
3096 5249
6902 9191
7123 9522
8352 185
7524 3342
1855 223
2217 4875
8454 4257
186 6049
7195 4270
44 336
2268 9182
5877 5927
9504 2217
8401 3762
6144 9542
9509 7812
5398 1926
3330 8309
1236 9826
1436 3006
3415 3202
5132 2067
4781 7375
3714 7567
230 5323
1023 2230
8472 1568
9154 855
4565 8503
8898 8465
9616 8794
7467 8617
525 683
316 8664
9401 7687
817 5881
5242 2277
1388 4340
1624 3363
2617 8244
4861 6067
1185 7968
3608 9154
208 2328
3144 762
9123 414
9287 2424
3988 9272
117 1856
2185 931
3847 4495
1673 8298
7168 4450
944 7239
542 5733
7317 1160
8344 8463
74 4790
7991 892
5909 8994
5346 9642
4253 8433
7950 5784
3974 1562
8085 8508
80 941
2503 196
5132 5063
9567 9551
2498 99
24 4446
8895 1267
5711 2837
2130 2655
4394 2182
4409 5212
1817 1391
2040 9601
2556 6210
1914 9143
582 8231
8346 5551
4688 1181
212 88
3361 246
6248 4977
8253 5908
6319 924
5307 2350
7137 2547
6987 408
54 2751
3751 5090
7899 9255
9754 9183
2952 3078
5375 4216
2831 2640
7723 3058
1048 1926
2781 9262
3899 3256
7573 2976
2605 9899
6019 226
9774 4779
9633 6634
4002 9715
8420 2649
1520 6522
351 469
1815 1840
776 8025
8119 3881
4783 7883
8591 9305
2604 7695
3123 4577
24 6026
9728 2601
2815 5290
1763 9615
8661 9444
838 2687
871 1581
4093 1555
4851 3981
3889 5772
106 2977
3066 1970
1508 6928
9986 8360
917 6705
3095 4068
1807 3579
8177 846
1208 1964
3558 3878
6253 5566
6426 1819
2232 9463
2779 2761
7918 1152
1372 5395
1067 1832
2495 5090
3234 3450
9193 1564
1888 5820
4497 6184
1585 8905
7401 1089
7253 7506
9888 5417
5364 6480
5590 5744
1407 9469
9010 2341
6681 4324
4353 5868
6374 3574
7200 5217
6690 4383
8060 2636
1925 4632
6743 870
2182 1726
3662 4427
318 6466
3144 3103
2031 115
9970 6662
6148 377
185 3519
2427 595
808 4224
6512 3859
5011 888
8299 5880
786 3329
1821 2797
2450 1861
7815 8208
1112 2131
316 1766
8296 6833
3064 845
6325 9716
1984 8258
2442 7774
604 7971
3832 3207
3587 8408
2497 591
4181 8846
6692 6643
4607 8339
6810 1150
699 6505
6257 114
6006 4693
742 1991
1126 7799
9305 4691
2219 319
6187 378
9124 1982
3339 9128
4710 235
9425 4909
4617 2327
2987 1913
2164 2115
2679 7288
4442 1216
719 3391
8388 1063
2923 6056
4113 1018
3140 1546
1771 8298
7797 4861
7292 9067
9895 4012
3073 6261
2605 9915
6814 125
9229 1419
4146 5043
9952 8780
9581 6156
4011 2691
7311 2291
3247 6461
4082 5292
2718 3810
570 7834
2384 8540
9644 4882
1957 1754
5181 7934
2043 7169
4908 2486
98 6546
3523 9180
4494 8994
3578 4359
5229 7846
5933 931
6090 7197
7248 9095
2513 6258
1855 9095
2100 6994
2106 2603
2029 3659
5313 2303
2021 326
5500 1644
9860 1622
9343 8343
906 8481
3596 2536
1357 8863
2425 8526
2868 512
9523 114
4884 3
7715 617
9528 9589
7536 8013
8807 2902
1061 2014
8321 8530
6581 3509
8969 7310
5660 250
825 2658
3720 4919
4499 7622
3800 6060
8196 5216
9284 5252
4542 3565
5245 1000
1526 1181
5717 2722
570 5604
3330 2549
2695 1950
5839 5979
9163 9987
2612 9919
6326 4124
9432 3884
9110 8949
4852 3509
3731 2835
761 3399
4088 5639
2085 4444
6452 5955
1666 945
7952 6989
9103 4987
2865 6242
5123 3397
8368 7901
6415 733
6520 4808
1443 9327
7535 4001
9220 7522
1561 1457
6189 4354
8474 1258
4723 7981
5867 3583
3485 7187
9471 2456
372 4935
3589 1925
8744 9323
4096 6707
1059 3371
950 429
4626 2056
1702 9653
2784 6505
814 195
1957 5437
7772 3933
192 4244
8371 1992
49 6862
8768 2045
2442 4675
8365 3936
5174 997
6213 1165
8314 6883
1737 6660
779 4864
4195 9111
3041 3
9354 3649
3083 4880
4405 6281
3299 8695
8531 8438
8851 139
1834 438
9464 8246
3887 2074
7045 5947
2470 4516
1563 3148
1433 8500
5864 9757
9950 1295
5262 392
1012 2978
8118 131
1455 2789
4932 4095
9653 131
7085 8098
2551 9720
598 8056
3892 8860
9454 7077
5738 3568
9199 4110
1326 1974
8305 7960
6254 1462
5264 7345
1126 366
5935 3390
1584 3658
6524 4341
6543 9141
1638 6572
4381 9390
1084 2113
851 7838
4424 4811
1242 840
8461 81
9744 8594
685 1610
8285 5044
4941 1668
9302 3487
3404 7769
2577 5424
2818 3391
2746 4724
3558 607
1446 814
3939 8489
438 1879
5372 3253
2094 5189
8829 1437
8214 3663
2516 3129
3569 416
3967 1467
2813 9338
4327 8364
7338 334
1870 8039
6078 5465
822 3397
7448 8304
1026 8088
5363 1039
945 5724
990 1182
4167 1386
9770 9046
3006 5855
7523 6755
862 444
4274 7642
1128 6720
6658 6972
2281 3443
4786 8203
8333 1188
3979 2509
1986 182
7075 239
8415 4758
1281 2492
580 8736
1714 6558
5523 2338
5146 4484
6384 673
3967 1909
4230 9131
915 6867
3194 9293
4160 803
691 8374
7753 7021
9770 1339
222 4351
286 2108
5904 199
251 5127
1782 112
3132 1580
2096 364
5679 8753
6442 9443
2681 38
1139 651
9833 9180
5454 2153
2193 1329
5064 71
7874 3727
6492 7574
455 3207
8452 5558
5909 5031
7520 3572
5825 7332
843 8562
6130 2420
7756 3037
7993 4170
7947 4667
2431 8455
4197 2164
5758 111
5634 4532
3106 7883
3540 9597
5281 1005
9331 8929
9128 8521
9671 128
7752 4257
53 3423
1202 9473
9933 2043
5839 1629
4307 4364
5603 9144
1885 1773
6770 5063
3229 683
8355 8869
3296 3900
2516 2136
2373 849
3726 5731
7714 1231
2763 4541
9668 1163
7670 7778
3733 6836
1586 2809
9379 9830
3437 2262
8750 2939
309 1905
5042 677
1516 2886
8118 2218
9609 4142
5460 6494
2367 2399
8170 9351
1633 1279
5824 2637
86 6334
6956 513
4762 9013
834 8560
1637 8265
9296 8647
80 1109
616 9609
6565 3431
175 7311
934 4857
2662 8447
8258 9859
7991 5217
4835 4015
4243 1646
1850 1437
7833 5497
4591 760
8073 994
916 3833
1226 137
554 2363
1849 1680
791 5135
4835 8500
566 5792
4869 3933
5150 3977
8401 6116
4232 2581
2995 1093
4139 2215
1637 2469
7226 3324
1777 1141
833 5086
6517 5208
9292 1803
8523 1265
2025 7157
1737 7825
9502 7675
855 4816
110 4519
4895 4825
4152 2185
810 1291
8672 1701
9608 3132
5747 120
3280 8721
8725 9905
5881 9916
9085 2013
7 150
8643 9795
3723 3885
136 4914
1748 3135
6279 1319
3403 679
315 2787
5998 9959
3250 9149
1722 215
160 4852
6270 5325
2471 7304
1534 8574
6885 329
6325 9220
2334 640
671 6305
7323 6669
6566 34
1811 4272
4123 5735
6442 3564
1992 9458
8984 3256
2227 4702
7403 9368
5093 9954
6031 828
1659 6518
2108 4999
9853 9541
3633 2883
5662 2964
2848 5780
6676 2370
937 1642
1528 1377
9340 138
2879 2323
1994 7246
8570 4136
1339 7500
8139 6248
6677 693
5946 8411
27 6256
5319 2353
2548 8086
8816 2767
2654 9839
1333 3335
1202 1757
522 7244
3818 4582
6797 7428
4480 9944
5240 4318
2761 5064
9993 2485
2226 6108
5585 6102
6681 3546
8106 5231
703 2336
685 8409
5149 118
9378 6296
7925 5776
280 1232
6074 3721
8072 9354
7491 3004
9926 6535
2155 1556
2055 7124
5501 183
7737 6303
6734 5535
415 1464
267 2857
1628 8075
133 1569
4771 2030
5274 462
4252 2262
2006 5289
7849 4559
4314 3684
4585 4172
4171 5689
845 3259
6478 6096
1066 5676
1779 7333
5102 3444
3951 4169
2438 6509
7103 2200
4896 3184
2426 8172
6316 3046
7206 1776
2392 6907
4317 2070
7148 564
3153 8157
771 5859
1838 9854
5740 216
5871 502
143 970
7780 9160
948 9478
2482 9860
8416 2583
7403 1331
7393 87
8656 9348
8621 2133
181 5548
9814 5608
372 569
4128 67
2644 296
7894 8633
7226 1352
330 4018
8320 3551
956 8239
2390 8219
188 7691
6007 2427
4371 2610
270 6159
271 6150
2360 8173
7982 2992
1260 4822
7262 2900
2200 9096
7937 8968
989 4341
3878 1670
2686 356
2230 607
7108 6326
4653 7843
4582 5084
5642 6399
3959 6808
4504 2278
2929 2993
4093 9123
8177 954
9939 7085
5426 6293
9477 1980
9231 6980
1357 3179
9603 6496
4348 9887
3843 7982
8601 5319
1087 223
8333 5493
4724 2342
5294 172
6197 4191
3787 6969
8716 8223
4279 6151
2251 9223
3162 7758
3720 9388
5685 5212
7273 3420
7316 5942
9499 6201
9480 1504
186 7130
1078 7724
2796 8563
1738 7968
2558 1553
6976 523
9092 635
7524 4873
8682 3590
5608 1877
7617 1975
4902 6302
5511 942
2647 6893
5141 7681
1556 726
6463 5158
5707 1949
2567 2182
6356 2907
5715 2158
2307 4801
2449 5880
2033 1596
1272 5162
2167 938
9312 1596
4938 2396
1909 8943
8893 1884
1528 1101
5283 6416
1207 9260
3861 2512
894 7431
5715 9637
9917 1454
7166 306
9931 861
9749 7608
7116 2539
2462 2564
8592 3251
4072 4076
140 2904
2270 1082
6348 7125
5167 2183
89 4450
7611 316
6023 3918
7041 4677
2723 2185
4903 6871
3003 8929
3273 8836
9390 5457
6550 8172
4934 7764
2935 2102
6115 3904
1570 2912
1450 4560
3598 9043
1021 1346
6071 7290
3133 4307
9908 7492
9469 8232
8679 9816
6665 8190
7557 5849
1814 5412
1527 7434
1980 8567
2816 1875
2898 318
480 2357
1145 9736
8088 4347
763 3395
4319 3617
7093 9406
1781 2185
7107 769
2086 5484
4539 427
5441 6622
5885 5036
8761 3813
5833 3845
1819 667
3025 6124
8033 2658
3905 2660
4039 6695
3852 2413
6173 7738
2473 2007
9708 1965
4830 9341
220 1243
4411 3872
9348 3772
4714 7025
4516 9030
6757 6532
1472 5925
7881 6433
925 8078
2362 5324
6434 5488
904 4743
6951 7421
5232 1351
8624 216
677 788
9680 1022
2064 1509
9592 7322
6422 2444
399 3060
9177 4941
2886 9738
6626 8117
124 1138
4381 3400
8144 5838
3077 5099
709 3153
3794 1428
1355 3265
3232 3087
8571 8701
9138 7234
8835 1937
2439 9651
8451 5208
7212 7673
2295 6065
7266 6416
8102 8149
3681 80
1626 7496
2077 3792
3009 1982
744 7143
4771 1008
1624 1508
8197 255
2506 9695
4862 6920
279 5376
2216 7497
7446 1470
8281 4579
5587 4938
3299 6448
4751 3933
5528 2087
5687 8430
8146 6445
2825 5385
4705 9055
5524 6925
9670 9917
431 1221
6113 1753
9694 3641
3974 5744
5088 3365
7317 1288
5148 1819
8426 4395
5165 1045
9778 8642
9468 7757
6383 8406
2013 9488
1037 2115
684 5808
1766 4639
874 8890
7843 553
4818 9608
277 9557
7809 8535
3763 2375
1126 6331
2164 8605
3269 6721
4959 6370
5058 7814
5025 9680
1677 4774
1535 7847
6169 1927
301 699
1489 695
430 9314
7565 5731
3644 4031
7441 4139
1563 1432
6471 7810
1929 9487
3263 7178
9544 3583
1875 7471
4576 1412
4880 242
9087 240
8818 7417
2594 5404
6863 9381
4904 1436
4854 68
8100 822
8281 6552
7012 3924
1913 5656
6641 8472
1810 3382
1590 1536
8183 6737
7043 3002
8846 9643
1700 9001
8783 14
1934 1544
201 1370
4650 494
7990 9042
870 9843
3248 1368
9831 2723
9796 7638
9491 8017
5270 5519
4271 589
7253 148
8708 7641
496 7643
9735 2936
2297 4750
7577 1240
2713 2304
2636 4705
3284 837
8984 2030
494 626
3788 876
4702 4354
1337 6065
1395 7451
1419 4047
5669 609
9049 1241
909 3657
1440 1029
598 2256
8587 3795
9765 2573
2486 4157
7592 7541
2674 3807
9564 2814
8843 536
65 9238
8377 9889
7633 2260
916 4318
8863 6622
9051 9043
6397 3549
183 6905
3777 1534
1691 6146
8120 715
175 6345
3851 1306
6446 6460
2465 1172
1772 1262
9861 8552
1708 2249
8361 5008
6832 3985
7276 1221
1202 4543
1896 9631
8915 8828
2463 6111
3427 2412
9767 17
6800 8941
8307 7116
5234 5696
2597 2620
4470 5559
1376 1394
5002 6928
419 4441
57 273
7427 8572
3958 9492
2039 3431
8478 2469
7834 652
6297 8810
860 2983
8578 8722
4986 2787
6551 2081
8592 3294
3955 2267
6908 9690
9594 4270
6501 4054
9365 7814
3612 5677
2815 2203
1153 8461
4830 8141
1609 7115
1542 1507
8942 8564
4075 5408
3992 1735
8341 8903
7707 8546
7897 401
3137 3738
3862 7341
7305 1023
5884 3111
8976 2367
6468 6475
4959 9145
9052 3564
1588 8597
1906 3232
9558 2162
2515 7822
3204 208
52 476
6893 176
785 9154
8981 3897
7684 2994
4918 1740
8632 5612
4437 8537
5118 2669
1639 7427
4576 1096
8884 5490
3332 505
9643 8392
9940 7733
9350 4519
2636 437
2799 1968
2227 6821
2210 590
4141 4648
1125 9045
8976 3870
1462 9685
7701 1097
6308 8932
2722 508
9616 1019
4342 8101
293 6622
276 8781
4166 2114
3012 9613
1767 4155
2486 9107
2831 5379
7817 1205
1869 530
3403 3845
7592 6906
4657 9702
1003 5730
4393 8974
8753 9542
1118 6284
2300 7132
5340 9244
5469 2202
7909 921
5999 3415
4180 1891
8005 4351
7567 9825
5558 4699
3522 1672
917 1360
2394 844
1926 1878
1151 2775
1805 7180
6885 7416
1689 9419
6532 4813
1618 664
8951 5540
8463 8413
2275 158
4363 4730
8217 6997
1992 4808
8829 2592
2836 2575
4359 1749
2204 649
9674 1134
7598 1190
8067 3807
4803 4961
3140 1350
7053 674
7570 2900
7981 4262
4092 1835
4617 3804
3325 1929
668 7794
2868 7556
5294 7375
7201 9590
197 6225
691 7915
2732 4427
8128 7097
1523 1687
2340 1056
3991 2706
3934 6225
1379 2520
375 6723
7559 1693
7956 7620
8009 9807
8142 1085
3545 8184
9072 5338
122 3080
3889 8856
9885 4274
3731 4415
351 6742
5355 4610
7959 1135
4178 6996
1337 2269
8683 2030
6990 1350
5910 863
135 1752
1204 3411
3392 3027
9628 9286
1426 3829
3006 9867
2283 2021
5814 6680
9489 3716
6835 6261
5029 4865
5944 485
8533 5196
4466 6835
5557 4093
2491 6705
7327 2678
9263 6637
3944 2758
1725 8917
485 5839
2432 1500
3693 3483
1279 5837
1297 8186
6546 3200
122 6703
8374 2987
2273 8812
8290 3163
3685 8539
8971 1219
6792 6383
1877 7507
7627 8298
8027 3805
2299 2928
6144 8948
9500 5612
1303 9318
597 9409
6608 7260
3164 1219
9349 9055
4324 6007
3076 4909
7876 8905
893 4268
2666 3117
8190 5710
176 8936
1629 9014
2637 2591
8774 7579
1791 9887
3030 3882
3607 8624
8727 7680
166 6884
2716 1496
615 4420
9632 610
2412 5005
2538 8437
1550 7878
3540 7270
2335 1254
2668 633
3122 2612
7306 1864
9806 8926
5107 4546
9007 3518
798 5573
4909 6698
3829 5215
6769 8139
1118 1745
7653 9489
4154 8406
1435 1044
77 8386
3697 2973
7248 8542
7843 3383
1076 9219
2257 5408
2152 1813
9635 3765
1996 2227
7259 2029
5078 5067
2570 468
3045 3363
4501 2299
7493 1574
9 3278
2307 5435
7165 1878
209 876
5047 8352
4539 8934
2241 7614
5819 2748
5261 2716
7690 801
391 7077
9288 9702
266 3927
1583 6224
1638 53
8579 9133
1889 1692
8156 3897
3419 3048
5126 9564
5446 1879
2808 7702
2325 1118
8197 5438
2580 8475
2832 4632
8025 1642
787 1557
730 7484
5250 8495
2128 5589
6635 3301
3082 1542
2368 9427
6452 2698
2617 2021
1144 4772
5043 6862
9462 5401
1182 6228
753 7290
7494 1695
4426 53
5407 1330
7297 9323
4919 4680
5737 1189
2390 7315
364 3907
345 2321
3566 2646
960 4992
3942 2591
6596 2388
2843 4471
7101 2486
7563 2928
4099 1839
7169 3308
7716 741
5768 6845
9349 2229
3851 3660
8076 5442
3599 2478
4302 4748
2612 9235
3780 7941
2567 7345
9635 432
3276 705
2556 8139
3258 8376
2961 623
7143 4168
6553 5301
7797 3896
6886 5995
1165 2642
4661 2968
7884 8460
9878 4588
4747 7177
9597 4123
2676 7488
1447 1787
3809 3773
5649 7068
7782 4759
9510 4408
3010 6530
1191 8779
275 6309
9296 9941
152 6143
1849 3437
5242 6742
2298 8824
4445 4016
1202 586
9619 693
7210 1885
6339 7252
453 5248
9704 3494
1531 801
5052 4352
7942 3198
7015 3597
2397 969
9363 5003
3615 6954
9090 4196
4674 9081
6721 2896
8429 2636
142 1081
7218 797
537 6479
2544 1376
5591 6909
4696 6515
5789 4428
1854 9911
3227 7254
5427 5087
2358 7358
4369 9111
5306 6910
9702 7158
9904 7025
1540 6598
6221 4754
4120 8772
7691 7925
3466 707
7868 6548
4260 134
3819 9148
1175 222
6582 7994
7210 1248
1545 2480
8325 6523
9468 4652
733 6728
97 5211
5072 9827
1222 7034
5684 5161
5794 8125
1802 9522
6957 8708
3369 5953
3824 970
6728 7530
1680 207
4460 276
9877 6937
132 2366
3008 6407
704 1639
5020 9094
9529 696
5443 9688
2029 2261
9988 9217
2106 9589
1908 595
3053 4605
2724 717
7003 7956
7281 271
6240 402
849 8433
4245 5306
892 5909
440 378
4633 3147
9687 8608
8875 8163
3932 7007
428 6168
4896 6467
4233 8635
1161 9665
1821 2045
1990 1411
1842 6545
9501 1730
4037 6433
5554 5029
8410 7808
3115 3305
4977 4672
6289 3985
5671 5429
1754 976
5039 6778
4965 6740
9602 1234
6197 3814
4661 5905
1490 1599
747 8301
780 78
9562 7071
3217 7783
1618 8734
2561 3725
8171 9342
4353 1043
5214 5365
3741 7616
6135 1678
5841 785
3385 6018
1785 2676
3635 1619
199 4946
6306 4027
4501 2060
5319 1013
5131 5305
2426 1769
6660 6814
4111 7358
2093 6720
2744 6603
7725 550
8267 7102
9787 7234
5110 4289
1132 6514
8912 1338
2620 9970
7761 9731
207 8308
8052 1753
696 354
3516 4744
9482 2387
3238 54
4766 7277
8734 8687
4964 3579
9300 2114
573 5743
6767 9337
5335 7464
3970 2814
9226 5143
8511 9564
2564 7487
9514 3925
5280 9484
656 3635
1917 7669
2071 8832
827 4468
5046 8681
760 9606
3177 3072
701 4222
8974 897
3379 5071
5604 1096
1994 8266
7189 9665
5818 9508
3072 9455
8523 268
4844 9169
9971 7292
7674 7922
238 9373
8779 4561
3843 8944
4386 241
8644 4378
7578 7921
1062 6287
3915 2366
8866 5395
1049 5383
7642 620
4334 3105
3264 5772
4010 1292
308 527
424 9926
7229 256
8418 3519
5291 9312
7959 1181
2682 1705
2588 8577
376 5471
6785 105
4826 841
9814 1287
2524 4479
7757 770
9385 5620
241 9163
6410 1286
1240 4739
6466 243
6613 7499
8537 3071
5009 9052
5990 9955
939 249
1827 8856
941 625
8060 2709
129 5625
2840 2148
8340 106
2732 459
2554 86
2412 3658
4354 625
2419 2417
1243 2125
2132 2756
1655 4311
7090 1137
3727 1233
7645 81
5351 4143
5486 126
36 4165
6086 4868
1627 9904
7890 9194
2427 7189
7569 835
4542 3144
5528 1952
1580 6702
9750 7240
5633 1316
2164 8283
48 2881
4111 195
600 9865
1066 3245
2806 820
2109 214
9243 1790
946 1753
2735 3440
722 8952
2661 8992
9435 1209
6593 8052
2949 1107
6920 1724
4437 3752
2087 9153
5393 7654
7815 905
9190 473
3103 7020
1414 1475
7818 219
9494 9087
8811 7632
5831 6018
7342 9393
7586 4643
9409 9449
2874 8044
7107 24
333 9857
7259 4297
8011 17
5900 7669
1290 1243
8056 5111
8553 1043
5603 2479
4324 5940
7385 1163
7512 7448
530 9475
9399 4966
5620 5075
1325 4684
5562 3535
3316 5470
9909 3473
6373 7789
9840 6167
7536 1546
3416 9419
4270 8717
3083 8691
3269 5314
4880 5722
9964 3299
7480 8894
7488 380
4979 6636
6918 9530
9430 712
49 3254
8539 6594
6 3345
5162 773
1295 2863
2935 722
8893 1705
2364 4573
7361 1230
4648 6678
2508 1035
6760 5674
7046 1179
1397 2282
8924 2959
7470 1773
4238 8593
1351 4482
792 9238
706 393
5742 466
1758 4547
5101 4624
557 5910
4672 1507
2506 8613
2353 5527
7482 7903
928 4843
4018 3847
1737 1059
3450 8069
17 3432
6241 5483
2961 9891
3089 2298
4486 5114
9188 4565
696 1194
854 6854
6473 6678
125 2561
6289 751
9303 2038
6264 949
7843 5146
9331 6252
4451 1016
5795 3507
2495 6083
4170 4369
542 9360
5407 6896
6993 4738
6900 846
6992 8854
5542 2146
9945 8768
1764 3628
5190 1829
1684 7329
5871 9211
3571 1141
3631 3166
1483 7273
6331 292
6122 4679
769 1747
7889 1387
1101 4401
6218 2117
6018 1724
8925 7725
263 9468
3044 5718
4191 6630
7325 4534
2494 8290
4209 5732
1929 8831
8499 9747
9197 5797
1179 1934
8626 5227
4515 5188
9905 3178
4577 951
5524 8114
4103 863
9070 571
7815 3220
363 4159
3755 7980
1800 5543
7812 1906
822 691
8689 4200
1163 9501
6819 4654
8442 6704
4911 8691
420 4373
259 699
9183 734
5596 3425
9590 2743
3351 6975
9377 2202
8582 3037
2038 4418
4374 1718
3408 9794
943 465
1999 4758
107 1534
624 2074
4667 543
2127 4970
6662 9353
5674 666
6659 4907
904 2023
4810 7999
6377 5837
918 8862
1151 6507
701 1865
7790 1716
2883 1093
3936 2439
1531 375
1661 6673
8112 416
1433 9473
2307 6778
5293 9053
9286 1988
4554 275
4168 6411
892 1282
3074 1178
4012 8154
7026 3682
9848 5937
869 2429
7831 6024
1163 9152
3047 4829
1077 1775
4442 530
8066 8550
577 7102
1435 7909
1783 4739
9595 8043
7457 7584
1635 5655
2420 2151
7629 5914
9847 3697
2767 145
7003 4817
8658 3250
7896 2007
8132 6340
5882 1078
2699 9348
2909 9927
8107 6933
7988 7407
6074 5064
6688 6623
9153 61
2335 7738
7445 1945
7522 7373
5176 4328
1700 730
4330 9924
1560 9269
2579 6854
5714 4963
7318 8493
4217 4399
270 4349
5499 6719
3708 2586
6977 7574
2452 4885
4949 3372
9300 9798
4226 2171
663 2699
9098 8731
6377 3839
8238 2208
4764 9854
825 2482
8154 8248
9741 1294
4860 9237
3571 7563
3258 4824
2797 3519
7092 9943
79 9491
5600 4905
9085 3365
3301 2929
534 9164
2584 9834
2674 321
2693 4596
9495 1452
6560 7214
5266 5916
5852 628
1156 9579
2300 8939
1931 2065
1832 5002
7236 2985
3874 2875
4541 4593
4202 9251
9807 9893
3087 1854
156 7630
1415 5199
2469 5063
9008 9702
7119 1937
3191 5186
1367 552
6298 1194
9940 1957
8009 9159
8396 4420
9538 1188
6346 6793
4910 1384
2110 2463
8677 1251
9284 9297
7481 2967
4650 6797
4322 6361
4941 3093
2789 3992
4243 8552
5835 3566
5695 6465
1855 9765
1392 1886
7592 9195
8026 9267
8472 5609
5097 400
2500 9552
1971 7777
645 8533
638 3812
1982 3551
7219 1488
7598 222
5057 2564
9384 4367
1380 9998
9410 7965
4823 4381
924 1961
1959 4153
2209 6461
586 913
50 158
3441 1125
2161 8017
1962 2486
5515 9503
1913 2059
3770 5307
2167 8021
5002 9316
5259 7028
2682 7622
5913 2891
309 8118
5528 3650
6642 2269
7321 5963
7480 6644
3924 231
326 6866
4309 5642
7410 1554
1367 7036
4497 6168
4703 7873
5863 7077
7837 4859
5182 4697
8814 4847
3340 4777
4966 8326
6561 6849
3740 8420
7758 1691
5270 1582
3868 481
3063 5320
1435 5519
166 7020
3402 1821
417 5986
3031 2651
1233 6396
9160 7870
143 6897
1033 8154
1512 8813
5494 7808
2445 5910
4508 923
4334 4498
5787 3589
537 5543
2014 783
4509 5444
1150 8465
9523 8206
2692 3982
5343 4605
2830 9612
7908 4905
1220 1874
8022 8575
8475 6547
5732 2504
937 9067
4053 1131
5050 6407
5969 4017
8691 5209
5604 8570
1605 4396
3631 4063
7844 885
608 3592
1449 3419
2579 3951
2389 1433
2360 6676
3734 9953
55 8721
3679 6563
7906 3697
4899 5710
5530 7661
6130 230
740 8264
8439 3399
4044 604
4913 3353
9083 9219
6241 1045
6022 5563
5379 8038
2935 5012
9313 1475
4336 7067
3412 7420
2685 2780
7308 6531
5081 5379
1346 2990
4980 3684
5756 3050
4531 253
2673 3250
9528 1256
4397 3567
2564 485
3383 9234
9770 8311
914 49
1654 3725
4241 4126
8494 1796
2990 9390
1880 9756
9244 2504
2236 7896
9163 1948
7483 8490
2252 9847
7856 6766
151 2020
693 8677
7481 9972
5130 6901
4049 8402
6482 9631
9853 2736
446 6994
8625 6902
8414 5358
4312 9661
1429 5723
8541 1414
524 6170
9900 9824
2218 1181
933 1226
8594 3779
3873 8149
7357 1174
7432 286
1291 9401
6290 7787
8036 4684
7932 1636
5795 3202
8926 1060
7557 5893
4202 7631
9903 1672
2520 1734
9614 4460
8448 5337
1378 6951
1111 765
8110 7123
6813 3246
7177 6867
3014 150
3000 9547
601 2719
7600 6288
581 6870
8935 1662
9034 3968
4330 9817
1063 4305
2052 469
3136 1226
5550 7498
2866 9459
2354 802
8378 314
468 2309
9074 8106
3155 6328
2286 3072
4332 1297
1895 5738
4416 1885
3589 8657
2215 9110
2674 904
389 367
1404 6789
76 2242
7932 1583
67 2173
2581 5545
3349 3527
5870 111
6860 5369
8452 1102
3423 1355
7834 5417
6170 6556
5458 7113
3358 39
1313 2308
3256 3682
3934 945
6390 1689
219 8059
5608 7418
1383 6788
6003 3698
2690 9260
5787 9848
2227 3474
6466 9880
1255 8298
4140 195
8203 4080
7254 5076
3292 8396
8134 4470
7372 1943
9012 5557
8760 2748
41 2163
5479 5682
2774 3516
1174 522
2153 3003
1010 8948
7516 5662
4598 6950
7119 2920
9654 2559
327 373
1114 4761
1974 691
2639 5214
3228 2784
7706 6925
1582 9326
4303 9356
9399 126
849 1808
7021 1980
9243 9003
2021 2247
958 8581
1673 452
8076 9342
1465 8531
1332 6099
8880 4834
9391 1055
2952 5984
795 3732
3456 1893
3253 5962
6845 9889
6365 7366
3695 146
1796 3375
7894 9625
3017 2270
7684 1343
4309 6708
2645 6900
1155 4513
5196 7753
484 6945
4560 5295
2417 953
6663 1215
4770 7443
241 2843
1952 7158
4328 3076
5046 1130
7206 7006
1341 42
5576 4209
6856 3498
2146 6514
4605 2283
579 5905
3045 2461
8586 1764
3817 8708
7262 6767
8873 1014
9731 246
1615 5340
6873 6817
8957 2813
1619 5792
1852 6035
1262 6808
5800 387
1898 794
3532 3043
1243 2667
2496 5655
6127 1423
5312 1388
5105 5160
1727 8408
6941 8638
8796 2641
3893 8783
9076 4686
1891 825
3560 3867
1808 4756
2976 7985
68 8838
4799 1285
4143 6418
3449 1984
4295 1745
2083 9103
2483 403
250 9947
3176 679
2423 3515
1457 857
5954 6713
8085 5548
8292 355
8740 6489
1665 2451
4033 8150
3973 2817
615 826
5534 3910
8693 4928
8379 7301
1243 235
1747 2534
8682 425
5129 3794
1959 6202
9375 9430
2944 8850
4185 977
6578 9405
9555 7216
1067 6803
1189 5421
8267 4029
4230 4884
3776 5799
1759 1494
3042 7253
8753 5056
524 8267
4553 446
2685 3464
6051 8125
5406 5955
8222 1279
5812 233
1262 1090
792 5813
9895 9715
3445 7953
249 3727
9121 5515
3095 26
2736 1244
7964 83
6422 309
4416 504
6268 9547
2391 8998
8453 2262
2395 2404
8432 5652
2795 3168
6256 835
1316 9146
8459 2782
8463 2320
2192 8183
1035 6841
3917 6854
8541 9398
6448 8993
1749 3830
3004 685
4498 233
8494 7811
7544 6631
7936 1671
929 690
7325 6629
5523 9993
9894 9725
7905 5151
37 9777
308 1483
9985 8683
8267 4001
257 2469
4128 5889
228 5827
9869 1998
1520 4515
2286 5234
1018 9785
5529 2880
1750 3668
364 6906
3070 3781
70 9764
7592 9217
6185 793
2003 5125
158 4108
3699 7993
2441 4977
4014 488
5694 8142
8645 9998
5780 3388
4183 8051
1690 946
9634 4296
9768 1828
4811 5439
614 1848
7680 1760
7250 2745
5309 8361
8622 6383
9436 230
5353 9455
9168 8433
6095 1727
8867 988
3267 9101
7134 12
1436 2544
1738 2728
9901 2303
5141 1747
2122 9073
9943 2838
2632 2613
9509 8833
4996 9474
2485 1251
375 3281
3699 1689
7656 5034
8004 6083
3298 7677
5545 237
8183 1779
2870 8893
1318 8707
8355 8008
1337 1096
1907 8058
4770 1267
4644 8005
5847 5710
1286 5001
2795 8785
8191 1606
2815 6792
8062 2366
2201 2788
2126 2622
7812 4737
4030 9054
2344 9784
255 551
3003 8486
1757 2133
9416 5181
561 1133
6367 6633
1094 8368
1214 2822
3660 5024
2014 480
5097 483
9616 938
8326 1014
3130 8419
3033 6884
1853 8806
5375 9495
7721 6562
7261 9950
2867 8121
7542 1728
1445 8540
5055 7343
7543 615
2625 4272
7085 489
8591 4027
8496 1463
1561 5822
3874 114
8352 8998
9260 7413
4220 449
8554 9859
5770 1038
1962 2225
137 1558
2896 8640
1431 863
1470 5758
9111 3774
9554 429
4839 8461
5104 6532
751 8477
3938 2484
5276 1118
61 5614
8797 44
2726 1059
8061 2332
9621 2460
7171 1720
2233 3355
3607 4199
4299 3602
3110 3441
7879 8659
792 2193
6249 3911
6319 1436
6916 8482
2515 6369
297 5175
2620 7009
7158 5897
7263 9873
6541 9394
5132 6030
5126 3863
7319 5568
9575 635
1654 1442
1907 7218
2987 7201
2049 1433
1891 2642
3327 1973
8365 5289
2087 4537
7935 4488
8465 8253
8854 8181
2264 891
316 2095
6945 2250
655 594
6921 8945
2207 9736
2255 4596
1384 6706
402 2531
897 9368
3388 6036
3476 3054
2559 3901
8495 488
4655 3990
666 5343
8577 415
7755 8548
7217 2590
7894 6772
9274 5148
6505 1308
9858 4032
7223 4735
8052 6235
9970 1606
8706 8502
1918 2247
4922 1833
1252 2970
3432 5422
6725 2391
1645 2566
8448 7812
7935 8170
1830 6238
113 9764
555 166
6420 2446
7935 3790
2285 8875
4478 1443
3353 5349
1813 93
5695 5271
198 1989
9429 6844
9565 4999
9878 3704
2132 7800
9714 1494
4213 1305
6230 7841
8030 1341
2269 3206
3305 5479
5399 7913
4060 8152
5562 7304
4703 5688
1942 5678
5292 7554
6973 9001
684 3477
4995 1325
5583 215
8402 5977
844 6157
4961 2795
5178 889
198 4432
2701 8819
1306 5343
4326 3100
492 7079
1716 3838
1272 2885
8000 6232
4553 9083
5624 5545
332 5757
6009 554
4008 2557
946 5153
6955 874
1447 5891
9926 7925
3379 234
4460 4292
9618 3144
5767 5530
1870 8458
140 9558
8520 8384
352 6267
3354 3564
5930 4624
7658 7033
698 8617
561 7294
6171 1158
5020 1683
5334 7467
483 5251
7095 720
1321 6163
7635 1033
3764 866
4474 1192
3021 9857
3946 3409
2425 7301
8980 3919
745 7195
7875 7989
6383 6219
7114 5560
8355 7392
7228 523
1509 7879
4754 7883
8483 1062
7577 8412
9421 7023
7355 8883
7479 292
143 885
3743 1165
1683 8000
6992 6841
3560 953
7461 209
7598 1590
7106 403
6114 6541
3536 5693
6294 7405
2728 536
8464 6171
4914 296
4101 3791
5534 7585
7912 7216
8866 4204
4013 2989
4085 2794
8243 9774
7963 7720
3217 6826
3970 4659
9424 4186
7069 1982
6650 6510
6111 8306
2865 4798
9739 8694
6115 2676
633 3423
380 2904
1707 5641
7564 6140
3985 135
6571 3162
4409 9079
1179 4442
4843 9593
8749 8568
9428 6370
5766 6950
4962 3580
275 6765
5744 400
5338 2362
6657 519
7603 439
8530 9341
1703 311
4619 4967
2888 1814
1207 2022
930 3216
2661 5661
913 4017
8589 4192
9666 4381
4343 9357
9886 8225
4360 2703
7028 809
7294 9840
4870 8755
6255 1039
6343 2884
957 2723
5699 107
7884 1695
768 1987
8023 9878
8596 1308
4880 9888
7687 1755
8055 2430
2282 1776
444 3066
9752 505
3896 6147
6092 470
8617 6648
7475 5149
5629 8786
5971 7167
3554 7879
9532 9658
6874 1981
9710 432
980 5307
6940 7624
8633 614
512 7540
2901 9131
7086 5075
391 2455
4877 2951
7242 3951
8867 2921
1076 2333
3296 267
7983 5001
3839 9039
55 1033
6328 3367
227 9705
3386 3372
119 4446
4551 1011
9593 2103
6991 5437
1138 5573
4530 14
4408 3677
368 384
2938 1868
2499 4200
524 4891
9152 7465
979 8818
7450 5768
2771 9745
7991 448
8055 3789
5767 7975
6896 1672
9666 8112
4771 565
2513 4690
6444 8426
9601 4554
3895 3078
5331 205
1184 6789
8711 7872
729 3682
4538 5275
2189 1196
7805 1434
1186 9532
7993 7894
7380 6630
1391 2453
5888 6286
5989 3693
3102 2669
270 5279
7059 6516
2168 5969
9557 4576
9069 6028
192 2223
7682 5976
8872 2770
420 3444
8064 5283
1987 6682
5963 5944
8991 6178
594 9849
6275 8486
3717 1055
2159 2471
5349 9917
1387 8398
3121 4004
88 6069
687 7601
9433 1175
3870 7818
9506 7492
7673 6745
5440 2234
9919 7687
5369 1537
9265 9389
1621 6981
2747 5639
4525 9946
2118 3114
9987 843
8941 3768
4946 2195
6111 5697
6504 624
7813 1564
6513 6356
3269 2342
197 8894
8870 2874
1205 1912
2708 6835
2738 3538
5302 3118
1007 512
2222 4195
200 4176
7505 4436
4595 5902
5256 6183
837 6059
9222 2177
8968 3947
6843 7060
572 7454
5864 7162
492 3521
8772 2370
1731 1734
3311 2059
254 881
325 6735
115 4645
3349 3986
3298 2590
3954 2522
7467 5664
8969 6929
9408 4240
6356 8600
5036 3457
767 8079
533 9875
1274 9971
3166 4359
6590 6743
6992 597
3219 870
1354 3249
4432 2263
1399 4956
2309 6435
2191 6839
8582 499
1984 9581
9577 3997
6222 6129
1330 560
9176 86
8300 9101
3005 3422
75 5018
9263 3733
5807 4993
3096 2975
1068 4830
9786 1294
856 3433
2203 3432
6405 512
3088 9609
1935 8537
1993 3910
7656 2486
350 4402
1139 3017
9672 7379
1053 7675
115 1031
7890 1288
818 484
5919 813
7124 2733
1636 4517
1622 8508
1437 8159
3497 2332
3137 5764
6069 1686
7738 8072
2990 7599
8118 1535
2981 6671
7469 2914
4211 7765
6308 7426
3090 1657
6770 2284
8156 3234
6497 4478
8728 4345
2263 345
6225 286
9926 5783
170 9098
1920 1711
7648 53
7999 7190
5214 2648
4083 3576
1223 2037
6637 408
943 8822
9293 1492
3706 2356
2183 4669
7034 5209
5355 5845
7603 5447
6709 4186
177 6698
5666 2434
7116 508
6580 6311
5579 4184
9079 1605
6903 321
3189 2721
5105 9059
1511 4253
6839 6954
5246 6393
8675 3506
2305 844
36 6015
4935 7588
3361 7022
2327 9450
5803 9468
5630 6249
4674 3829
4689 7424
7547 9151
1780 2342
465 361
3802 2094
2234 7790
8205 283
1019 1934
7057 6166
6478 4094
4788 9166
2226 1823
4841 1070
356 4109
1189 8149
1101 585
6569 5026
9996 665
4193 2111
6070 5470
7196 1184
2347 7383
2318 5227
2827 6868
1442 2810
3192 4621
2420 7583
669 9299
4030 5783
9039 8903
5265 8643
6548 8203
9958 4115
7170 2598
6485 4819
6200 812
9542 2330
2947 2156
3111 1136
2554 8363
2413 881
4218 2594
1022 5296
2281 6868
3071 6717
7893 1155
1369 8153
701 1347
753 3498
2531 4446
680 4282
3760 4793
2112 981
344 3063
2081 1715
2816 1229
970 7890
9677 3078
4220 3016
7582 1160
259 7175
3501 3767
6214 898
178 2200
1666 2159
89 5145
306 3646
6885 2271
5762 7225
4165 2191
9459 619
8693 3953
9841 4294
232 7810
2676 5248
6789 793
4548 9566
8528 9708
6320 6580
218 1092
6065 955
9931 8159
394 8772
2335 4548
3699 4093
4575 8924
6983 9137
6658 2543
3034 9652
2627 4748
3023 4752
1509 2526
1704 6473
3412 315
1407 8696
1294 3102
2438 918
7154 9784
1946 9319
2103 7682
9789 6489
592 8246
7891 8509
5646 8383
7981 8165
1383 1294
3397 847
5814 7870
2617 2353
7443 4219
2699 1765
805 2526
6088 487
8468 1916
4696 5965
2340 1408
246 1190
3471 3509
1392 998
8754 3145
6161 6977
4331 6607
3437 2805
7937 323
8829 7373
4916 1187
2924 8564
7543 7340
5744 4439
2828 2051
5421 414
590 1910
3639 5148
3316 2593
966 2660
6005 6645
8015 2335
9847 8214
5985 1995
3037 9828
1469 2502
3440 8285
777 1196
9996 7504
9718 3261
3567 4981
1329 5395
2398 124
3655 2722
3544 1747
3293 576
7119 6219
5263 663
2388 6477
8151 8041
8738 7241
6784 9956
9470 5408
6459 8950
9117 2195
6978 9314
3495 6634
6668 4659
1930 666
4640 145
2578 2817
9325 2850
5976 2884
281 3027
4185 4587
8552 6055
1288 938
8912 8286
4470 3588
8906 5978
4481 7035
540 2366
4267 235
1653 2984
5821 4600
7752 1056
7691 4948
8749 8609
3385 6870
6100 5128
6318 1336
9004 7707
2168 2975
4339 3453
3217 8384
8558 9151
896 4097
2379 6824
851 7374
8005 3399
4860 510
2040 9272
3929 5653
2758 5238
2617 4858
7034 81
4875 8348
1130 2928
4249 7392
4674 1592
6566 3726
7359 6365
4563 7438
5753 1736
5992 6941
6180 5499
6769 7892
1672 7713
2422 5274
8512 3913
8336 5513
3585 1172
9257 4543
4220 5436
100 1910
6645 7944
3149 6373
452 9309
1377 328
4572 6328
8513 6190
2602 4361
8963 2690
8704 9474
7610 6989
7443 6833
2135 3945
3074 5257
7711 2745
4600 4440
9215 8999
9332 7924
7678 5917
7254 695
1394 9721
637 4461
7782 5211
735 6092
250 8368
9240 2291
6171 4036
4183 4454
837 4484
6245 7673
726 3074
103 5707
788 2044
9702 7125
2642 4783
5918 1490
9903 4551
2563 1874
3712 4155
11 3354
7439 6535
8343 8542
1939 793
7635 8257
9890 7904
657 5628
7637 8482
1761 6029
5403 1950
4309 7474
3840 8225
6097 6455
8047 204
9624 1708
2294 1541
8597 7067
5961 6317
2359 776
5450 6163
8209 6282
4439 9735
8992 969
1092 7521
7646 4920
6107 7763
3127 1076
5921 7100
3418 1374
4970 6815
6210 54
7296 5955
3398 3640
8176 7756
3822 3420
1622 186
2279 2056
6555 3648
4584 185
8747 8808
6262 3986
108 3284
5717 2979
3003 7864
7776 7518
8441 2663
6298 6566
8566 1580
5590 6041
6141 5642
2085 8304
3153 197
7726 7364
8006 835
354 7171
9875 2093
3152 323
4310 1530
1222 1798
6360 1502
5034 5487
5923 782
4520 9380
3729 2664
5085 1029
1607 8449
1619 1900
514 9134
8397 6085
4720 3399
4342 6000
5987 1657
2597 9284
9777 1964
2212 9094
3968 2900
2561 1370
7344 3419
5092 5738
2025 1823
4994 8085
7718 3864
7554 857
5794 8300
2414 9284
2322 966
2476 2615
7443 149
4845 12
7270 497
3605 3834
953 4244
3693 9511
4025 9270
118 7517
9396 1737
5471 3248
83 1558
4600 927
6087 3527
9399 120
596 6839
267 4833
5148 3047
4416 8212
4477 5027
2675 6859
1917 3316
6038 3581
4212 3479
4053 4007
8940 5150
5402 3583
1237 7653
5358 8037
1804 1784
2177 7242
9020 8002
3885 6181
3317 8665
1798 6772
3244 9897
9044 6416
3076 7966
8707 2741
8619 406
9242 7440
8760 5942
9644 1641
5108 1948
2012 5523
6662 101
5076 322
4004 6192
9080 6525
6710 8146
1750 3443
7885 8667
2993 8162
5652 7177
4014 9942
9350 9163
382 3616
7504 8057
4557 2071
8088 1763
4634 1363
4927 8343
3928 55
6115 9591
9493 8670
3400 5466
2233 1466
6871 1345
9921 9625
9719 1692
5773 857
5436 9775
4518 1277
2669 8272
8004 3937
730 5330
8415 5402
6942 9206
8837 930
1153 5600
1115 7298
9234 2968
8247 2336
2835 9923
2046 8508
356 8929
2073 3254
1141 1480
9357 9346
6758 6193
3819 3934
6049 97
6437 7667
827 3755
7570 5690
775 835
7828 4497
1676 3062
5224 8574
872 2841
5006 9924
1492 831
6970 388
9353 5503
4954 3077
8355 4261
104 1479
8454 1032
8594 5588
783 348
7704 8104
1868 5593
3094 9762
7662 8219
1172 2028
238 4987
1258 5320
4830 2174
3255 9307
5425 2285
948 7903
6589 3285
3700 4243
2048 5711
2671 1237
8785 2947
5552 2963
5480 2152
1035 4462
1281 6511
8994 4497
9885 6001
6682 4625
8154 8870
7994 9780
6100 408
404 9431
6667 1367
4647 6459
7863 4766
7108 5791
2889 1110
623 8852
2356 4778
8121 7373
3324 4378
1404 7109
2926 6435
1206 6870
4256 4127
8681 903
586 4282
3202 2374
8805 2213
25 3382
1091 6974
7160 6138
1696 4463
9472 9843
4631 1413
408 7446
8968 8324
2616 3714
2168 8826
949 5728
313 3985
5389 2795
7788 921
9878 1619
4836 7894
8417 5757
2157 8629
5973 1037
4349 996
1850 3799
2441 6451
146 5505
1163 2150
4511 253
7347 4924
1617 5046
204 85
5854 3833
2465 2095
551 3927
8831 5009
6073 8119
2876 6940
1809 6657
6072 5999
4548 2376
1779 9034
862 7016
640 3558
8776 2625
2360 5699
5728 545
4962 9665
4852 649
145 8787
5998 9001
3710 1296
4583 1566
9224 8332
5285 1037
9866 3127
7559 5488
8332 9220
9507 7616
9740 7549
5837 3283
798 3029
4763 8121
5089 30
5894 3666
2213 1196
3812 5650
2938 1786
436 7143
9642 3979
4905 2394
7578 6100
5147 1300
3020 4584
5386 7588
5817 1955
4852 2942
3181 9084
7017 5541
5475 4085
1230 4332
5283 5972
5007 2858
522 7111
2696 5228
9497 5971
1525 815
3296 4238
7544 1775
2620 3614
2923 9081
6766 2977
951 8872
9726 6942
3140 7982
480 4796
9074 7888
7366 6210
7415 1480
6550 6271
3626 4453
1085 1147
3888 6565
2724 6925
6485 2662
9139 6782
1662 4426
2099 6877
764 3833
2040 6133
7202 795
8846 733
4683 5062
1699 6990
9526 2548
8886 5562
1460 4473
8095 7258
7556 7316
9343 4681
2443 7972
8745 1008
730 589
3569 2753
5195 1610
1427 936
7325 8437
1559 6062
6512 373
7380 9840
2178 1736
1475 6880
1468 5969
9446 9578
4279 7075
7176 2554
163 7199
4534 5196
5448 1946
9007 2532
1118 7011
1656 2079
2283 2771
5683 7785
7291 2134
8736 5504
8565 2121
3268 4953
7659 645
8218 4290
9858 8331
9096 1192
4819 9167
9299 1930
2417 282
2325 3741
4139 1403
5118 3970
8741 5838
4360 197
8482 8608
7024 6710
9765 3122
4834 109
7241 8460
4419 9562
748 9907
213 2379
1395 958
7223 3010
4426 3717
2443 6742
1372 8875
6669 8536
178 4318
5744 8729
4751 2924
4890 4331
1979 5401
4515 2741
4461 8702
4986 10
8527 804
7257 9660
8077 673
7723 4988
8318 8850
4362 7494
8663 74
8093 5851
7964 3994
6834 8879
3336 3698
216 2293
3758 5958
3969 6071
2305 612
1014 2234
4353 4661
1964 7713
4551 1907
1605 2561
4356 1386
6394 2021
597 3905
8103 3507
4121 9131
9639 8974
9141 5033
5042 7133
8776 9202
2628 1692
4187 9990
1600 6514
44 2527
4917 1283
9243 345
6607 711
2387 1668
7393 1947
3261 296
6802 6
4722 4792
7782 2942
1344 361
2799 5676
5823 4181
6002 4029
8868 3659
6159 7882
9766 90
4476 3483
2079 1630
161 2568
148 217
6761 6192
4249 5734
2295 1373
9263 7290
7127 7543
623 8604
2151 1192
1580 118
5685 4800
4 2236
7643 2283
39 445
9545 1951
1724 7960
9393 474
4959 2193
7209 348
7119 9427
1308 9008
6824 6504
2386 2369
3628 2471
3154 635
9543 8110
5509 6863
3827 9056
7628 411
5273 8560
7876 8233
8345 2559
2825 7063
7564 163
7530 8999
6936 1608
267 4599
4372 8027
6048 7076
1277 2933
8329 171
6632 6660
920 369
4232 4016
4619 6643
2226 2349
2230 1168
8080 6908
8673 7573
5523 5799
4290 7865
7500 4605
5292 3515
1229 3786
9448 2456
459 4747
1586 722
9350 1681
2376 1069
2157 804
6815 7340
5548 8825
1447 9659
1335 6279
2079 4766
4283 6486
7371 5498
1347 7929
6661 338
1833 8654
6163 6598
9565 3700
2072 6886
6555 3724
1949 317
7272 5827
2112 5308
9469 2415
7677 3748
1719 4199
653 7849
4414 8712
7197 6051
2516 7653
1584 6102
5745 2143
4151 3188
5725 3830
4784 9713
525 7982
1181 2296
5218 2053
7031 2573
8878 7717
850 3538
7112 7989
7858 5245
8834 3604
7502 8202
9321 6409
4197 3821
7644 8404
846 8747
2033 201
2724 2234
357 9823
466 8486
8675 6244
3323 373
8246 1203
9741 1965
6898 5992
2391 1828
5584 8003
8105 4536
7736 6780
1098 193
7332 6230
5296 2628
1394 1670
283 3929
3035 950
9043 1503
3522 5109
6900 6398
9935 9522
5367 7565
6428 2041
2643 4453
591 2316
6595 7702
3546 678
281 6665
6959 4588
7091 9781
7144 5349
1550 3494
662 4316
5625 6795
7144 227
603 7551
8655 5658
359 6170
2560 6528
2862 6424
2137 2664
1109 7643
1271 8272
6666 8364
6567 4319
833 7992
4123 2141
4772 1609
4928 3672
538 9874
5662 3124
9735 9951
7007 1074
2357 7516
884 868
832 4725
3620 7039
8632 5438
1398 754
7635 6868
8546 6438
2738 5108
1443 1207
7893 2634
943 5715
9121 9084
9466 1888
5456 6168
9943 802
617 5867
5729 1965
4658 3860
793 8072
1156 5001
3153 339
4734 1272
409 1066
9564 7344
1415 2730
3017 7377
636 7316
5555 8369
2149 96
4158 753
7535 1124
6636 1088
2927 3284
443 9246
7296 3036
9519 307
2798 7500
3666 8816
4787 4035
313 3750
3392 7919
7481 1398
6591 1684
1802 7274
1574 3420
1930 4706
2206 6349
757 8641
9813 9313
8452 8281
1889 4914
9571 8163
9798 9268
2600 1492
9434 4744
1136 669
7158 1774
4476 3938
976 2202
5901 2637
1575 7483
6251 5475
7038 2040
1100 6823
9693 27
5875 7582
2916 259
3239 979
2353 932
1094 7740
1684 1074
426 5581
9537 7550
5195 6219
3846 2431
3668 2435
254 1701
1530 2492
4693 7323
9098 3995
4605 9195
6834 214
9376 5798
8532 6762
2935 3268
3943 2448
5066 8
2654 6030
6089 2295
6684 3146
378 7803
7000 1941
1684 6516
1870 1637
2956 9806
9494 6883
862 7144
5145 8455
2622 1204
8465 3584
2751 9147
7328 5257
7156 403
68 2392
8341 5779
3993 7144
8100 5621
5568 2025
1441 6157
1071 8007
4731 666
344 5049
3512 4155
8783 1034
9126 2484
9366 5117
1746 1393
1595 6717
650 9594
3764 643
2094 9863
3562 6011
9660 8902
5124 3625
6605 5883
7093 3144
809 9559
249 5347
6338 2604
2651 8664
4944 3055
6411 5097
8601 2159
5087 9365
1667 1254
2615 6823
9116 9134
1525 7837
2826 9765
1965 1580
7455 3668
2057 577
4336 6940
8352 5771
9094 4818
8584 8504
2324 9277
9785 2861
729 6317
2004 4954
3145 3694
8804 5340
2679 4734
5412 1621
486 4971
5698 2489
1312 2352
546 283
806 4514
7109 4376
5802 5222
875 6929
4793 6613
2983 3343
2589 834
1779 1682
5906 8171
2292 7898
7559 3295
750 5578
3415 4224
6475 8554
1465 9192
1304 5916
836 320
5057 2049
9223 959
7982 6765
2072 7936
8350 1544
6300 2631
2467 9734
3127 5045
7421 1802
1732 8010
6156 2678
9206 6331
7760 3110
9936 9076
2772 1422
5698 9807
8507 2512
853 197
2521 51
697 757
7700 8065
3789 5187
124 2975
3103 387
5241 5490
2981 326
1013 9568
3339 276
3562 4021
253 4075
317 6119
6248 8598
7083 5084
6460 434
4034 811
5092 5533
3 6336
5721 239
9431 7252
2020 1070
1184 6396
6755 7181
6097 9344
1950 6916
3968 287
7450 5590
699 9617
5693 1422
953 4685
2243 1884
7299 9517
4801 1823
931 9854
3192 6083
4763 2092
8412 7981
5688 8622
1078 7604
6345 4318
759 7283
9611 2668
2525 508
3143 6899
5131 8719
6366 3531
4212 8555
2947 7553
4488 3828
3306 484
9874 3734
192 1777
3169 41
5275 3570
1638 3349
9155 1554
7837 4280
6130 1364
7984 5046
6568 6005
3544 4496
7345 2206
1573 5480
2379 9359
8400 8692
2194 2921
9871 769
6719 7034
7833 7417
7009 2702
1162 2728
3322 6260
9145 3756
3549 5567
5065 5371
1286 350
2269 8474
3995 1359
2271 5947
7313 1983
1442 2662
8739 1924
1558 3019
3966 5039
3533 3846
1264 1388
8348 4005
2867 1164
2995 662
6900 5605
6512 6980
73 872
9457 2244
6963 7236
8522 7035
3007 5529
870 9394
4627 623
9280 2877
2328 2184
6516 8776
6194 6755
8930 3074
440 2674
1123 4591
4528 4639
1039 3625
4330 9418
2222 2039
209 8918
1277 6849
573 1013
1828 5490
4860 2209
1653 2686
818 1309
920 758
8798 7067
6309 250
3920 9183
3777 8079
5320 8659
4397 7313
6224 5356
1722 7034
2701 1085
226 4516
6354 3132
6275 1115
4981 9938
493 9655
2614 6
3231 8521
6621 652
3693 707
9811 2761
2932 5533
4244 3722
5537 3845
1012 8966
4239 2742
560 5714
6559 189
5318 6868
9597 4920
3847 8202
7424 8175
1659 9547
2290 5432
2214 1438
257 2342
9850 4697
4614 8769
6813 4253
2148 44
9181 2513
9475 7619
3841 5915
4669 2275
7665 5350
3992 4655
3625 1457
1734 1967
2217 420
7593 9500
2513 6185
3915 1306
9932 8264
9965 1476
9082 4738
8958 3759
8147 1939
3950 1992
2520 4866
5988 207
7756 3691
5085 2712
9795 4223
2518 3007
6553 6793
8220 6140
6694 1717
1313 5847
7345 3180
786 286
7651 8035
1127 1093
2254 709
9306 3597
3278 5806
7915 9976
1342 1753
5316 8892
2845 9388
2073 9830
3858 3123
1138 5409
14 3226
6140 4167
7378 8383
8460 8166
737 1527
854 4711
7239 431
2301 348
7178 342
9356 295
4943 4778
5012 3171
4880 2672
6967 925
4717 9240
2901 4770
8272 5968
2516 1024
6710 9256
2261 6565
6027 3733
6308 9997
1301 234
353 6490
292 148
717 9204
8168 5525
2391 4628
5779 7091
9736 1339
2176 2498
3483 6328
3349 799
8833 2202
6181 398
1043 499
57 6007
7162 1662
5104 2924
4924 1986
2004 2495
2839 230
3087 5969
2483 5287
3198 9566
4419 2681
6213 6695
9677 9595
4900 1408
2218 8974
9096 8395
4319 7927
5444 6996
1821 9906
2401 7759
903 5897
7779 255
1906 694
4239 1768
977 9046
6410 1543
3794 2046
8196 9313
3394 1490
5893 4313
8536 1940
2918 742
3953 4217
9811 9252
7432 8722
479 8746
8297 7466
8088 3596
6230 3403
7549 561
1449 4439
6926 2840
2139 2019
1955 2582
9972 8038
5376 8867
7924 9955
4807 9687
6929 3842
6862 7087
2642 358
6946 804
1164 571
2252 1054
6699 7726
5875 6436
1523 7410
7874 6103
9703 4512
8252 2416
8793 8206
7406 23
3716 4595
6083 6694
2583 1450
8077 5949
7602 853
2947 839
2518 964
134 3997
168 4055
9000 9929
2246 1312
159 1278
1006 2460
4774 9478
7131 2835
2118 5564
3520 9534
7763 4139
5370 9096
3785 1350
2897 1736
2713 7738
6656 111
2142 3857
2230 1037
9173 3560
9788 4136
2460 2211
9303 4288
3370 2576
144 2940
5728 3337
914 3929
7790 1918
403 3477
2089 7170
1687 6631
1244 4069
4066 3041
9228 434
7213 1112
33 1833
4363 1283
2305 7280
3820 2211
8351 8038
5345 1410
9460 9560
6512 735
1037 839
9611 3160
1638 1817
332 9113
6628 4383
2052 3269
1193 824
949 2209
7684 4628
5148 25
7767 3228
8051 9470
5421 8639
5365 8541
619 512
1363 8390
6534 6462
39 9658
9926 7604
1160 6550
2186 4146
5805 7872
2844 491
8005 8816
9622 7650
8135 577
229 9630
1461 328
2749 837
7958 2036
7053 5304
787 1894
5780 8028
2162 3587
2227 1369
3538 103
933 9110
5639 2413
5070 500
1687 908
272 9209
1667 9492
6083 6128
7786 74
2661 8608
3226 1472
2688 4186
8840 4504
1660 3991
3267 8506
4357 5553
2804 9188
46 3169
4216 6018
9301 9209
2337 558
2057 5138
7513 9033
3338 729
3961 2251
7183 4070
6394 6600
9230 9165
1082 500
2296 4792
5761 9848
5442 3733
3028 4244
8092 2204
2089 759
283 580
7964 4254
489 486
1490 569
7776 4273
1196 6964
9731 4096
3342 9045
1694 3385
1808 5185
1663 7320
9941 4916
692 1243
9787 9504
8871 4079
2162 8885
6072 1403
3616 3347
6313 1211
5604 2876
5728 4896
2201 7037
6184 4774
3998 3374
5641 2822
4052 7656
1737 2141
5687 6726
5859 4557
7392 7455
343 7570
2458 8980
2498 6840
5845 4677
7200 795
3144 4905
2367 9102
2889 7389
9350 5872
4481 492
5477 3517
2348 5264
8655 4577
3535 4632
1701 210
1661 1610
7397 8974
6123 9803
4243 9346
4402 3341
2214 860
6357 7480
2343 8996
6212 125
6197 9143
7729 7014
620 7108
7201 3618
9944 6395
9140 928
596 337
7144 9273
1848 5497
1419 4755
994 6976
3312 995
8420 3320
1541 6066
223 6744
8322 2212
6158 2785
1796 5893
6566 836
618 2117
8364 8578
2208 2550
5464 9908
7130 3235
5208 3565
8963 179
1288 3388
5335 7550
8737 8230
2878 6303
4511 7347
9643 3339
56 4216
2627 3025
9354 9237
8881 6722
8067 8560
1401 5539
6999 3954
3643 81
5918 4352
4491 8756
8668 9533
1967 1175
8549 398
2441 5702
864 1406
6566 4217
8411 2834
1285 1713
5568 7984
1468 577
2902 2988
2200 1647
9211 8643
211 186
3809 2716
1627 573
2758 7499
6208 9365
2936 1080
1886 9184
4409 2351
6988 9351
8672 1721
8420 1598
7872 43
9364 4457
3644 494
5204 4497
2187 4671
1866 2182
1177 9959
9114 1431
2031 9438
9794 6801
8371 7979
757 1845
4658 3680
3077 1501
7982 404
5334 5263
9475 3984
7825 3554
766 7854
3367 9585
3792 1102
2375 2959
15 6603
2514 698
1661 7566
428 3026
1021 785
949 7884
6132 23
7433 7218
4877 3162
5685 2701
1360 1205
2539 7926
6131 4900
3064 5353
7968 2600
8707 5963
937 7919
3577 7917
3978 5235
2855 3073
6751 2866
5015 8909
3894 542
9696 4078
357 725
5479 5775
8895 1476
9002 346
1299 6840
7486 2110
6438 1125
4870 130
9794 91
8104 2809
6318 325
7787 7462
2816 5108
2324 9473
1856 8299
5473 5147
2351 268
8613 6526
4152 1860
5909 7385
294 6402
4946 7579
9767 7005
3608 957
6591 4055
2550 4197
6560 1852
4672 8808
1704 6544
130 7696
1707 5352
1877 46
2946 5415
1334 6098
820 2252
693 3865
2997 7226
1644 4118
765 633
9169 2196
5498 1659
5725 3850
1432 6129
1694 9680
7295 958
809 177
2910 3196
4756 2194
3927 7310
7780 5810
5899 8150
594 1170
55 472
6131 1495
3855 7999
6232 3086
5914 6735
1555 5407
2670 7834
1308 9205
398 5814
1859 2621
9313 2319
1462 2189
1237 5241
1669 7159
1395 3417
7748 6173
741 5445
4849 1351
1237 696
9287 4963
5864 5099
4626 7149
8091 1713
1939 7536
4284 561
5894 5371
7004 9881
5315 1031
516 3248
146 744
8166 9213
4099 9538
8485 8967
6588 8270
5656 7613
8788 1885
5834 6247
800 4764
6054 8108
3515 5848
849 3861
7883 8948
5384 4802
3906 1369
7100 9052
1635 1806
4843 9530
7558 184
4721 1544
2493 5939
8703 6004
3928 8929
475 1659
4901 4115
999 197
1932 6342
7222 828
682 8511
2700 7138
797 715
7718 5123
3520 1296
3371 3960
310 824
9505 126
1596 991
4210 5959
5402 4970
1360 9263
8571 7402
7911 3986
126 6706
1922 5788
3963 3861
6673 7009
1050 4836
8793 7614
7232 9271
1772 7695
7739 2425
2587 6419
817 6393
394 7629
2644 2670
2531 668
8568 2538
6781 8317
1464 3955
5933 2287
6358 2206
2174 135
5698 2221
3678 9126
4861 426
5849 8760
6733 2516
649 5805
1123 3594
4942 9533
3820 7413
9419 7768
6774 9307
9217 7629
6355 593
4400 4780
5010 8161
6315 2300
5580 3453
5419 9777
845 6866
4711 2473
8452 1344
7299 118
9676 7609
9926 257
8603 1144
7152 605
187 2133
7372 9193
3944 150
2162 778
6025 5447
2288 4889
9202 1837
3994 5064
4745 8103
8016 5291
7255 8486
5839 8709
450 6399
6890 1216
5401 9599
7787 1201
3696 2846
8404 347
6572 9943
2683 3171
9553 727
1062 2116
9338 4468
771 3540
1240 1056
1499 967
1776 6238
3735 1842
8078 5332
1763 2194
1358 1233
307 798
1772 689
1092 6794
6394 8319
196 9598
6403 5306
2452 6567
3037 2235
9580 9132
132 1750
1440 4387
6613 3455
8146 6229
6776 8879
2712 3039
5122 1063
624 7083
6777 4004
1985 4302
5993 1875
2020 1379
2502 2359
4050 5352
547 4282
1183 519
3571 1920
1896 7737
639 7250
393 3334
8647 1689
6754 3663
4076 2360
1579 6959
3421 9615
949 7007
4992 5470
6243 7354
596 775
6761 3953
6388 8008
3267 8367
1599 9639
5770 6031
1462 1294
8723 1069
8149 5817
1448 2346
7109 4957
5706 6548
4305 7916
5623 3573
6216 6054
9577 7275
6851 242
2032 3448
8280 7373
449 1483
3838 5922
6510 2655
9889 9212
3848 1026
7624 5192
4898 200
1845 1405
9704 8417
1613 2240
2495 3800
9529 7763
5663 7342
2556 1695
7391 2215
3750 1826
1504 8963
569 6426
5341 8287
3770 6723
7872 5085
1769 3917
8520 8401
9108 817
9962 9886
8185 7797
5830 7553
5227 4063
604 8507
3047 2407
911 9765
760 7375
4904 8047
4423 5911
2333 1977
2455 2268
2596 7734
400 737
4275 6494
2298 561
4266 6419
9212 2739
3203 294
646 9439
1896 8170
2620 7057
8438 138
8772 2748
1585 727
386 7616
2569 5604
2961 846
9515 6517
5685 6267
202 4085
2478 1796
5631 8232
2240 8786
5503 7552
1857 6638
6732 180
6851 7734
4671 8509
4290 8767
8340 5443
4096 8350
2742 1112
4880 8482
1517 4355
447 1300
4885 6384
7753 3939
1234 7525
2699 8905
4160 3224
901 6657
1999 367
7507 6701
4847 120
1484 8979
7192 7083
8010 7864
1790 8813
3771 6688
3955 4454
7095 4036
4685 8661
4964 7429
2409 4642
5606 6864
3920 1268
1322 7059
8746 8245
405 2559
1984 3042
7097 7950
7094 5287
5240 551
4728 9083
8396 767
6340 936
3157 4546
4809 1790
4148 6499
2958 7447
2169 4912
71 5710
936 6426
7715 5308
7553 6851
2409 947
5536 6809
1157 607
1250 5442
9885 7898
7321 9816
7880 9903
1281 311
8241 2241
5156 868
8073 253
2107 4401
3979 1708
759 6062
1044 2270
7775 5762
4067 340
1018 2171
2189 8348
6623 8978
8899 8530
2315 8418
9176 3909
4771 6218
4046 3784
1035 9585
5409 1050
4102 4090
4790 4488
542 9368
3333 3521
2247 116
1604 555
8191 1676
9926 4724
7065 2238
3957 8155
3882 7718
6059 1952
979 1796
6295 1322
6336 1650
6782 2583
3648 148
4960 9337
9847 2464
8876 5439
5568 8144
6822 993
1511 2294
5497 3473
3398 6479
5016 8478
6798 7115
5753 7786
7912 8444
676 9822
1580 8158
936 1277
4130 614
3023 9911
8664 8029
595 3615
1923 2719
993 2190
3097 8174
8029 9241
6031 2061
3654 9569
4574 4266
5179 8842
8699 3275
7886 1550
4327 2925
3544 8306
1284 3705
2525 9930
5722 4232
6641 88
7848 4120
9772 9211
7647 2799
5274 8662
8795 9519
6454 1565
6691 3387
8184 9000
8820 2505
4700 5441
5337 6328
2741 2992
5966 2276
3089 1481
6788 3032
6559 6116
7767 7268
8287 1022
7519 3439
7449 7582
5108 1262
544 203
6902 6949
2776 9660
1643 4221
8438 2191
9642 4231
5287 2174
4151 1056
420 1182
832 7414
2356 2170
3992 4490
514 1121
4882 2854
3393 8299
736 5409
4669 4049
4924 5681
2195 7598
120 4992
6964 864
8241 9057
3174 6371
2473 485
5228 6784
3860 1386
200 5170
8419 9987
9278 8602
7872 4829
2714 2324
2105 3649
2580 4505
4752 4102
8306 2646
626 4953
1455 588
3639 8719
2555 857
8842 106
7076 8872
2313 9979
419 1252
5295 8135
4106 8163
7824 6940
8108 385
2453 3381
8573 1338
3577 525
2668 7244
3586 9953
1934 1627
9844 4921
974 9047
7363 1336
529 8092
6903 9249
5806 5768
2293 717
1678 4563
8652 2250
272 6890
1213 1110
3025 8843
5630 5981
6538 6888
80 2175
7898 8774
4064 3158
3973 9109
4491 1302
6237 693
9846 3509
6080 3287
6669 8621
8146 3697
1930 5920
1293 998
1864 3516
2391 2454
8344 831
5331 7986
6308 3980
3225 5187
3315 4414
8490 1195
9036 9005
927 5755
9326 863
5122 4823
8031 5680
4047 3223
3507 293
2956 1087
8544 1918
2599 4898
655 3690
4159 3394
822 672
4037 6859
2276 3466
2852 6369
2156 2548
3567 5191
7798 3206
6506 7841
3874 366
2157 4700
3503 7042
1204 6445
4971 2277
6729 7271
5771 1431
2294 721
7293 1122
5302 2615
8204 6114
6156 7679
8437 8516
7510 6511
919 5155
7970 4558
6816 255
4098 4216
2470 8863
1677 8342
2754 7960
7334 3501
100 1950
8705 4021
4515 9914
2530 4109
6019 6413
3352 4621
6509 7061
1115 7293
1385 7885
6946 868
1823 8633
2040 1763
767 6707
9711 35
1389 9744
1349 7580
4321 9702
9287 1031
9166 737
4547 5831
449 4980
9090 1443
8428 6814
518 711
7860 3597
7792 4653
1752 7895
3158 9093
1955 2550
9267 1228
2724 276
5183 1868
7852 4632
6864 1472
4743 223
5185 635
6654 686
482 3306
5836 9975
6240 2775
4976 5515
1798 4703
9043 7839
9012 1862
5562 9394
2304 8073
5422 9613
6859 6021
3307 475
8421 4279
8165 1339
2658 8675
9602 7892
3263 7352
8259 1689
8272 7859
4404 2350
7180 7332
6791 8442
3403 254
3692 1260
2174 3171
4341 7986
2177 8063
5879 9224
6173 371
5938 2766
4656 8470
1924 7518
1169 7175
4811 4508
990 2101
3786 4911
9080 2530
446 1551
1746 5590
3345 8734
6390 3872
6687 7500
249 8850
8423 6662
8192 8814
9684 5056
3250 5835
8829 4275
1024 8349
5258 2855
8243 8308
9496 1189
9572 9507
7806 3654
8930 6484
4097 2352
4927 3978
6485 4899
3500 2071
837 6830
550 3423
6148 3400
2753 4956
3189 8364
421 2900
1721 8563
5494 1048
6647 1272
424 3918
1792 8649
4225 9921
5955 9210
4689 967
1182 7102
7665 1476
8983 7560
712 2766
7194 398
788 2848
7684 1008
8343 9298
1439 5336
8751 8793
7390 738
7562 6171
5980 605
1913 2950
3200 2963
6741 9841
580 134
3488 9187
230 2171
3070 8018
9806 6059
6595 2127
8193 4456
7934 5233
4006 2589
4566 4543
4311 8953
6612 7586
762 2701
2354 8217
6080 7219
1842 975
6829 8498
562 154
682 6080
1710 6181
6088 2263
1655 2705
2102 283
2034 376
6900 6074
36 2434
4264 773
7357 1467
4417 8287
3682 8436
1883 7683
7680 7800
7203 7499
1790 2163
7947 1886
4882 9630
495 8297
3526 94
8297 7250
5948 846
7186 4488
5568 3898
5611 7615
9278 334
347 2587
115 1917
8329 11
8872 9126
6860 8152
5084 292
2832 1518
529 2726
2605 3626
314 8174
1635 3444
6372 9213
5352 5631
7651 5967
2678 1919
6013 3155
9838 6538
9181 2574
177 9186
1425 4048
3313 3346
9973 3527
8723 7927
6291 4579
9880 9585
667 8122
1244 7978
4160 7260
8702 7478
547 1273
8529 4380
6436 882
995 1876
6182 7150
5388 8449
2115 9806
6425 6145
8224 915
3898 2322
8433 5214
9368 2151
4848 6712
2220 988
5402 5987
2427 5414
1834 2513
502 3951
5275 5379
2578 1584
9736 2453
8962 9295
806 8392
6718 1484
3221 6032
6446 4166
1218 6639
8775 4708
2593 6321
8394 5329
7577 5610
4073 6695
2400 7981
1899 8911
2489 6031
5698 4983
1770 8123
9099 9781
2595 8246
4294 1708
588 1894
423 2252
7535 7311
5388 815
5254 9390
7871 8721
630 5561
1838 5984
908 8806
7530 261
9430 5900
6589 8800
293 2167
8271 683
6737 7024
7146 1032
334 7740
8620 8092
9966 2132
1614 3136
1960 3957
7491 8838
3127 8952
739 5353
7638 6181
3705 5560
2682 4499
9369 7172
5552 5427
7685 4872
2185 8831
2850 2153
1938 2252
8103 9757
793 3527
518 4513
5150 896
62 7141
8870 3648
9216 4283
2342 2432
2704 625
222 6093
7743 8875
2179 8807
1751 7940
2049 6985
2406 5798
6497 5870
9134 808
6456 2065
9212 5191
7808 6677
9896 6121
5819 8423
9756 1358
1924 9953
5545 9527
4185 5856
3303 2860
4278 8809
7451 6504
9139 6791
861 3944
2882 7400
6250 1364
3089 3065
1000 4525
6231 2302
2808 4824
8861 9574
5505 8105
9993 8431
283 2900
1939 3718
9992 9951
7570 2002
9434 972
423 4466
6689 4902
509 8483
5491 9802
990 5526
6001 2040
26 5442
3352 2250
2580 4310
261 7925
1773 8689
5405 2397
2245 6054
9644 2845
8318 6090
6620 2775
2564 3744
712 9929
410 3591
3329 2754
151 434
2225 7443
2113 8296
4814 9496
2952 1821
9105 1625
3030 1617
6440 2396
6325 2920
3673 2718
563 3305
2200 1602
1922 2042
3339 9385
322 29
8811 3411
7490 756
2798 9540
5956 8666
1987 7610
1186 7749
3309 7422
2846 3702
2116 3833
4030 1891
6920 1545
4423 4248
7031 3701
6249 457
8401 3805
5132 3467
8651 3221
4089 4836
3201 7315
2796 9951
5631 9735
7112 6948
961 5403
8076 1496
8201 4203
437 4225
8273 2551
3332 5117
7314 8039
2993 372
9316 8366
1968 6874
9367 4657
3491 6841
4034 1626
2720 2847
8009 1736
3029 6260
3572 5833
1657 9919
3662 955
2020 4857
7276 9760
1266 6642
4143 144
9299 8546
1850 8419
6807 8819
7912 8447
3401 3549
1016 734
3593 9186
5659 6036
926 6204
9472 3616
9836 1187
1741 865
482 6243
8592 2907
9975 3453
8422 3801
3703 2029
9661 5653
3400 700
5509 1878
5682 2023
7757 3081
2126 8096
8315 548
1421 9284
2107 1063
3869 5884
1644 8964
3384 1751
2006 6368
61 248
7025 9354
7203 3244
1523 7467
8811 2287
7656 7727
7430 239
7447 1747
7271 7073
7218 6975
361 8915
2814 9591
6628 7426
4084 8540
6285 6733
6887 6392
2667 9018
8326 9866
7729 7671
4101 366
649 5107
279 2561
4365 8158
1167 6148
6828 3678
7880 8046
7755 8803
816 3559
5994 9294
1276 3906
6137 8525
3257 2171
9482 122
3903 2194
4600 8934
8106 3798
5369 7360
6348 1205
4672 2186
2349 6947
1910 1069
6244 281
7770 795
2155 1968
8694 566
1406 8702
6820 2608
724 2000
5505 2290
5138 2521
5137 2641
444 6314
1667 1773
4797 5043
694 716
2312 8376
8636 2471
8064 2919
9806 1491
757 8457
3696 5923
4160 6519
1911 4748
9554 4352
3512 1545
3848 1448
2515 848
7601 3874
9855 2212
3298 3714
7239 8588
4730 7612
4742 9477
9522 4529
1887 3939
5672 4075
1585 110
732 7510
9145 8858
9593 9570
7896 3975
8888 7206
2374 363
8418 9848
5254 7068
3797 2346
7740 4323
8393 6471
205 973
6611 9166
1734 7636
3834 1742
3488 701
8280 2851
8722 6371
5810 8175
8055 9572
2316 5212
7282 3370
9623 5009
2031 3101
4205 5396
860 3959
7214 8640
6616 6985
2987 7447
9530 1292
1763 89
8309 6410
5469 4741
2235 9629
1061 5326
6704 88
3226 2978
6736 7877
3064 4776
6595 9903
3937 2808
9423 4450
7457 7984
575 4831
4882 5475
6852 5604
1101 8548
1033 7707
2466 3636
971 5730
7786 824
7096 1179
3915 3503
9927 4501
5708 9203
9737 2667
8378 8317
414 4730
3274 3006
4763 7433
8959 379
2202 7716
1374 7800
4419 6202
8177 1017
3146 2681
1849 9109
1337 5797
8183 812
7439 1376
4109 2986
4489 6647
9952 3916
512 185
3936 9619
5171 7774
620 5847
1014 1221
7232 4861
75 3566
7472 4924
3905 6009
3161 7564
6538 2495
8566 7184
2321 3088
5473 998
2731 2700
1514 5389
8861 950
1069 5606
2799 9973
5071 1054
3952 6157
137 4154
7386 2607
9496 6116
855 2156
5060 2678
5891 9887
1871 1460
1780 667
2129 2751
1352 1746
5730 6775
462 2537
1415 1696
264 5448
7953 6200
302 86
514 280
9047 5124
2129 1914
7460 6777
7696 5578
3133 4958
876 3503
9952 7131
452 9628
1623 306
5694 5906
8314 3513
4071 4953
5189 1214
9178 8046
9050 1479
7298 9711
1066 9591
9219 661
2416 280
4646 337
5311 4757
9859 8666
3438 1942
8548 5958
1520 3266
8775 1639
6809 592
1557 8152
1278 4351
1857 6072
6108 8023
2851 3558
4459 1775
1653 1726
1348 6753
6301 2898
17 1930
9069 6093
229 1014
3031 5172
6172 44
3845 5550
35 2469
7672 3173
2779 307
8912 9086
4314 6624
7419 5877
4627 3044
753 7196
6807 9500
3711 3846
924 9191
258 5951
5245 5010
6711 879
178 8422
2976 4078
6241 9824
2410 2074
21 4594
3693 8614
3438 3401
835 7061
1977 7598
7645 1256
5506 5505
7506 3941
6711 7618
6681 2201
5871 2738
1978 4094
6986 1786
5280 3616
602 7017
5345 8780
5571 1092
6593 5515
5711 922
2515 3214
7462 9702
3890 3578
3852 9272
8975 5814
4906 8357
3100 1522
3650 526
3577 4938
589 815
5836 7115
3527 4857
3942 7398
6382 8210
3972 3363
1990 6506
835 9543
5345 1986
8088 7625
5181 6217
6222 6737
3582 5383
7473 2691
4286 1149
6907 6475
1058 4556
8461 3016
1279 8902
2481 3902
1644 8258
8157 2294
5594 5619
5451 8665
8738 9915
4806 2350
9757 6508
8007 6928
1354 1040
2033 7203
3179 3833
6954 3640
3473 2123
8475 9087
8122 1161
1434 1676
2167 5309
1286 701
6771 1244
6674 604
2993 9018
4582 3264
4773 1225
8210 8472
7382 2200
4980 7579
8194 7018
9356 1545
1763 995
9934 3047
4176 7322
8088 4281
999 108
3157 768
2697 46
7169 22
2311 421
7758 4136
4348 8969
294 5332
2442 9639
1554 2898
5818 8358
3802 1640
7630 5948
8398 7480
4794 594
2084 7149
34 5157
611 2934
4709 7903
256 8994
1435 853
5111 9757
2298 6482
8380 1642
4015 1429
194 7729
2236 1958
8940 3850
6093 126
8162 2155
2255 2327
9255 7583
1714 4098
1992 8664
3838 7144
6071 1462
5653 7107
8921 8712
3832 8030
6172 1714
9500 5706
845 432
6094 1138
4698 7210
5477 6737
9491 3400
231 8627
6710 5832
9023 7865
1612 3214
813 4849
2638 4315
3566 8806
5739 2305
6621 1555
5262 8965
234 1742
4956 390
4666 1202
7195 5390
4656 4589
9690 1334
395 2044
7756 6783
1023 8532
9750 7326
7752 1779
3100 3544
7085 1173
8087 6703
8033 4219
9594 1451
7472 1641
7173 8012
456 1135
6601 2238
8581 5323
2028 7102
7506 7116
9744 9965
4556 2698
3728 8307
2009 7908
5722 8086
8666 2266
9987 2490
1293 2397
999 171
1942 2035
9184 9193
7358 9135
3738 3475
7212 3409
2980 4568
1556 2058
3449 9545
2541 866
9600 1715
6792 9662
3888 3212
1309 8508
8664 7884
392 8912
6430 766
7684 6228
1415 1926
8966 2620
4551 4997
9358 8920
1593 6923
5002 4301
9232 4332
5675 2534
3855 4135
3307 2679
3334 7139
9631 8083
1150 5514
714 8574
9656 7979
355 6517
256 1386
8568 988
104 4571
4370 9224
114 2847
3386 3263
5341 8846
733 6637
8324 3174
4156 7353
4916 5490
4951 3079
445 2879
9036 9870
7866 9499
7850 1868
836 7614
8074 4553
1044 142
2144 5594
3992 349
3023 2039
2376 8406
5035 6639
9737 7465
1635 4986
4609 2994
2974 5648
2748 2960
7364 3272
607 4885
1377 5779
8091 602
7398 1146
5909 1525
3121 1060
1251 7389
1614 5709
3289 9581
9214 6068
1860 6663
4966 6100
6279 7323
9947 774
4069 4232
1869 1236
7006 3874
3761 112
4621 4133
7844 6742
1121 5945
6588 2560
7579 1254
1025 5801
4455 2506
4444 2356
7199 4217
7535 3198
604 8020
7126 6273
3614 7261
5644 1594
2382 841
7297 6797
7298 1319
7642 4839
2689 8033
9609 1557
8471 1953
5583 3059
9067 7494
5215 7463
9760 6294
2421 5232
4457 9270
7383 5561
2096 2568
1483 8002
568 9268
3129 3361
4497 2458
1954 2612
4509 7062
7025 650
9857 1589
3777 7443
8205 7800
6559 1718
9520 1159
2401 370
8757 5432
8599 4886
1731 0
9105 9492
7124 8344
2946 163
3331 7171
5635 9221
60 6944
5291 9737
7471 4987
1021 5362
2533 249
6819 5511
7958 7028
8874 460
2314 5507
4733 560
7934 7661
6854 7081
1658 9135
4515 3165
6881 3341
470 4738
9016 8998
5871 4313
4714 763
5197 2438
6139 7376
7651 7603
8060 1444
1240 4870
4590 366
290 32
5931 1913
3843 999
8897 4577
3380 5622
5264 5406
2401 3987
9559 1952
3542 8242
7562 5788
5577 6280
2694 823
4023 1283
6008 207
291 3880
9099 3826
316 2508
1376 137
7807 3463
1459 3317
8397 9158
1803 526
9839 3776
8834 6408
1926 7148
2422 726
8359 5409
8224 5171
5912 3741
5027 7375
6516 9754
2775 1574
8709 3870
1430 6280
3411 7602
7078 340
8967 8229
1321 9654
9813 9058
801 5907
6890 3327
4440 4499
2210 3095
6639 4110
4909 9467
7077 794
1794 1204
2138 1172
4373 4524
293 9772
5013 1294
5843 806
7801 2891
145 7534
7357 2303
76 332
375 3603
8566 2584
7183 1828
9740 4272
382 5779
86 2104
470 6158
1598 5889
9522 480
5365 1069
6671 6101
194 7282
3692 496
572 7165
6126 6896
5322 2505
407 400
185 3184
3031 5006
8910 8624
2244 8367
717 2898
1046 1761
681 8103
2454 3345
2781 7188
6601 8333
5994 4208
3207 6764
9170 2572
2240 973
1397 9890
2785 4510
8953 3824
6435 783
655 5847
950 2982
2675 9631
7260 4371
1269 4830
2008 4790
182 633
7177 5216
5925 6202
6226 248
8475 1570
3212 1887
2739 4592
6621 1254
7726 7523
3771 6526
6597 6493
1340 5439
2865 1480
8704 4030
7592 6029
7569 9321
6712 2163
473 8725
7785 9749
5941 2330
5294 7464
9017 7900
8909 6123
1572 4318
9167 1087
5573 3282
6250 5753
2190 2692
9693 8645
7432 5528
1771 765
9064 2577
7483 4635
1024 1748
31 8748
3321 4459
9637 7349
6559 9262
1819 8634
6141 223
9142 6812
2075 4085
1475 3459
9429 1756
3071 5117
5198 107
6581 5510
2501 1958
1879 856
4759 7460
5167 7268
5413 9220
3014 2114
9671 972
4036 3686
1072 3858
2249 3555
2132 1182
6491 2388
3992 9711
8881 3145
5146 2686
6080 6911
7201 8768
5252 7427
4533 4415
4657 5720
5345 6491
3978 8135
3576 3405
7714 4710
3190 4637
7361 1196
8137 7733
633 7188
2896 9237
4505 1536
2882 168
514 3488
258 1607
1689 7508
130 1452
1244 2990
8486 8986
1513 8347
8730 9995
123 8083
8166 346
9317 7870
2801 4418
6660 1610
8164 8614
8833 1819
944 1443
9716 1170
2082 1907
2319 4210
3798 2787
1098 1534
1819 552
6106 3942
6982 2317
6424 9284
6680 1599
4463 5506
6836 8365
8614 655
3436 8954
6719 4850
491 1846
5870 7757
9161 2236
8702 5509
9178 2925
9969 9521
7336 6796
2519 4370
2642 3931
4129 1202
9957 4614
7877 1519
2346 3150
1189 7354
7360 4202
7291 1435
3452 393
4584 3992
2990 2458
9438 6566
2373 48
1498 4223
3110 7232
1478 2868
1417 7613
3101 9669
8068 2902
3377 9886
3900 8798
9737 5988
4665 8364
5647 7249
7610 8084
8282 2492
3913 2502
3558 1869
8112 1557
1677 3087
523 8667
5216 6471
1472 9819
1094 6852
6093 1111
9049 2839
225 7315
6428 9941
622 3817
8385 7914
3213 5135
4507 3281
50 3430
2672 6929
9121 1300
4385 8202
1506 6277
1933 4929
5137 4525
978 7863
729 1185
6181 6401
4209 9926
8549 7236
3815 5770
843 2847
205 8210
8692 8253
8370 6372
8818 5515
6754 2342
3088 6295
8528 2534
4100 90
1667 3851
746 6920
910 668
3103 2085
1205 4304
1275 3305
3373 9493
7091 5255
7155 5957
1389 2251
5312 2518
2773 9650
2059 6961
4672 1503
7375 5510
159 3755
14 7437
742 8412
1655 2704
8573 7962
724 4567
2135 990
1735 5860
5474 6603
630 3472
2734 1985
4468 4198
2353 7919
8546 6655
74 5370
7142 1645
2820 7052
3291 5835
3662 6910
4057 501
1161 7592
1975 6821
6545 7768
4653 8573
7535 9378
3055 9532
3519 6040
1671 8266
1342 7162
1121 9366
886 1311
7470 4675
764 3828
1537 1582
2857 3316
6990 2867
9865 3865
8324 3616
9505 8530
5656 9706
1860 9861
2084 431
4119 8711
6064 2716
9491 5242
8848 5024
1051 150
1309 3936
1407 27
25 9196
1265 1478
9869 1442
726 9619
2837 6722
6670 33
7119 3090
7463 9820
2303 3378
5567 631
5639 5603
825 1048
6021 4467
5171 120
7693 1596
6437 1547
7113 1343
2476 9885
958 698
5751 9790
2737 7122
6050 9216
6426 1997
401 7582
9688 7566
8479 5375
628 7814
8105 4491
1098 8825
1892 9629
7894 5424
3510 842
1931 3741
9667 8897
762 7940
5686 9267
7713 2247
5235 421
9810 5922
5466 9731
5445 8633
1359 8392
112 5839
5592 9275
3926 4601
6055 652
2031 6018
1785 1392
9463 4720
1134 1817
4168 6070
5545 2265
8844 1515
5242 4328
1277 1035
3418 3877
9408 4205
2295 2537
6483 3461
3521 1826
2354 5819
9316 878
3536 4043
6391 2166
2691 5662
292 3822
8305 826
3545 1258
4138 5253
3903 98
8150 799
9289 8649
3873 5585
7262 5307
7139 8368
859 7894
5621 183
1219 5402
6385 8532
6728 4227
3225 3329
8447 7495
6379 774
4942 9739
6836 1309
9705 5995
1058 7046
6846 938
830 6060
2894 1606
8330 2776
3613 1487
4359 149
3659 8425
5099 5811
932 8593
5136 2000
6485 4525
2144 4548
8192 9462
1568 1211
3490 7690
1179 6136
3058 6957
897 8136
9869 3745
6847 7269
992 4870
9969 6317
3653 1555
276 3346
5875 69
6657 2403
3183 5079
8199 4682
3255 8739
4361 5703
1216 2728
3000 5566
7469 5645
9921 7996
9524 5909
26 2495
3708 6867
6937 6807
8874 6575
7527 5896
9932 25
5715 1713
2437 5662
9385 2706
4362 1370
2004 1977
8428 1597
1553 2894
4519 9728
7911 3808
8314 2457
1284 7471
1209 1789
4985 6187
1040 7142
1305 3821
7448 2549
1630 9092
494 186
9389 6819
8946 4945
7147 1978
6862 3887
7951 1281
1224 190
1802 2956
5049 9622
9044 5739
1679 509
761 2705
8063 4319
6612 312
4271 1057
8955 4611
8724 2738
9675 2517
5943 5315
4901 5792
9533 2137
1081 9487
2263 4577
2690 6504
6423 3811
579 4748
341 3850
7840 2130
1905 3811
1759 4163
7753 8915
6400 3095
3613 6510
7788 2591
8561 4886
7306 3796
5651 753
3144 801
4894 5918
6903 268
5950 537
935 6475
84 269
1190 5604
7948 1497
67 6997
1214 1590
4071 1350
9538 7640
4583 9275
3208 1555
563 4511
1238 8784
2418 9645
6803 1039
2162 6512
3332 1023
4010 4030
6372 2637
1011 4560
8394 5130
2007 502
2245 32
72 4329
459 6901
5924 1024
7795 7009
567 1207
207 2685
2193 509
9951 556
346 1180
5089 5598
8708 591
2333 5923
1664 6879
6097 9869
1987 1966
7176 3449
1130 4504
8224 4176
6523 199
4507 1192
142 838
4358 9088
1837 6247
9497 7805
1336 4969
2863 1998
7243 9396
903 582
4436 1352
9033 2747
8799 4277
8301 379
3669 5259
7032 5055
1637 1990
8728 610
9041 5106
2307 963
6796 7013
7643 2681
8098 2253
6180 2598
5145 2055
8217 864
4775 1522
4764 6508
1780 388
9421 4843
3809 7499
8973 1466
9833 8886
114 1717
3943 2165
557 9756
296 8558
5323 8872
4370 2162
6922 9951
4021 239
1917 9270
594 2919
8736 7463
809 8849
3071 9124
1831 270
5717 1050
7455 4511
7057 5833
1224 1077
6270 7715
3336 2234
9442 2787
2512 1966
2087 8480
3256 3988
8377 2098
6731 9214
8751 7637
3543 1045
8829 2059
2174 142
9593 551
4160 9785
3917 4231
8653 8428
3420 8337
8533 9456
8408 162
1810 9227
3796 18
2777 638
8246 6668
6653 1598
3263 925
9252 1192
3933 747
4510 7361
5281 6888
8451 3997
9325 4743
6461 7249
3872 1454
6278 7242
2133 9452
6786 2415
9288 1037
1360 3124
5371 5787
4589 2177
313 5864
2218 9107
5433 538
2672 1393
9812 6086
3841 3729
650 3456
9040 7020
7378 1537
7507 5439
3729 8442
583 9220
925 5416
22 9984
7874 1592
629 574
292 1165
33 1900
6343 6112
1883 8149
8108 7112
7152 6703
3996 250
3246 6437
505 1538
6468 9495
8883 7635
3274 6545
649 1675
4161 2585
9841 8939
4556 7325
4250 181
6367 589
5647 2102
2599 5524
207 807
1290 5165
4203 3263
4560 3412
479 2443
3490 2154
8180 6864
2930 509
3829 1279
1420 2360
2401 9243
1387 2182
5585 8136
2670 7949
6603 5236
9436 7864
2966 8186
4167 5269
382 4420
3693 2305
6874 6481
3908 4529
9244 1448
711 6450
5417 6492
5516 6339
4346 2176
1993 9649
50 7661
3702 659
1201 2193
1171 1496
2201 2138
5309 7694
2079 1140
2750 9460
7155 2223
9139 562
1203 7732
5778 3383
2717 825
715 7155
7044 1203
9710 2375
4053 4332
7533 9929
2939 8982
6275 892
5007 5727
9254 1488
1412 165
3529 2133
1138 1179
6678 9798
1921 5852
8682 7844
921 6895
7360 272
2295 5276
7570 526
818 63
2781 8102
1279 7098
2917 3580
9138 1120
1081 2994
934 959
7528 7869
991 3965
6261 9077
2461 4199
9671 4513
340 1957
6339 1219
3402 2674
9998 719
4225 6939
1373 4818
9958 4598
3424 5232
7464 661
255 2462
1933 6779
7635 2354
6769 4142
2008 6376
929 2190
3153 2822
3639 3444
6317 8354
7942 1630
3881 3250
505 1691
8550 5317
3143 5026
7052 3504
5210 4104
175 7435
2736 1905
6433 6029
881 1606
280 4197
4163 264
3233 8651
1370 660
2037 1175
9459 2472
267 3168
1011 3989
95 3207
7580 5717
2753 2501
5488 5838
4161 2753
2105 7176
8970 3015
6392 4732
748 6182
7740 5422
3710 7097
9205 316
1555 6472
233 1015
7133 9199
9447 7073
5104 6624
7675 2263
3640 8309
3762 4898
7773 9928
1374 3385
8918 6646
3179 8233
4700 8801
435 7383
2544 2470
2400 6533
6240 1103
6816 1331
2150 9289
173 9896
449 2072
7645 9585
2520 697
615 7722
9884 5000
6776 3419
2414 5012
1781 4228
~
