1
10000 10000
288 2268
892 5568
791 9821
3214 3168
1323 7160
4208 6138
198 2102
8556 7349
9370 988
9137 9012
59 7171
1877 3296
7197 504
5166 9882
6351 5781
1011 5519
4905 9871
7486 1212
4370 6753
1989 3348
709 3849
2521 1616
5060 1361
975 38
1133 4449
9037 6558
140 1187
8375 1681
2754 6151
795 1458
2789 2392
5578 1281
9512 1375
7992 3358
2028 71
8949 155
2646 496
3197 8373
4371 7944
5389 6980
42 1671
9287 4321
9793 9833
7736 5688
9443 1809
1880 5742
5408 8620
9137 8244
5365 132
1619 7037
4093 375
8344 9660
7736 1799
5876 1218
3596 4275
6111 39
393 9653
2614 614
6113 3853
5918 8398
7288 4974
6891 8901
56 6184
256 592
8104 9558
1847 5537
3358 8553
5076 3648
7122 5285
6165 1518
3430 297
4269 2950
8099 2693
3249 9236
4821 3207
1234 298
1321 3207
8572 6432
3973 484
8159 9916
74 366
8124 5939
6774 3637
9170 1311
9725 1313
1177 3362
3193 5172
6110 7929
1311 8990
5857 7780
6867 4303
9884 981
9887 9666
5637 2087
9632 8904
6117 2449
770 1634
1402 6347
990 2179
234 5408
544 5845
6760 7397
205 1739
3004 3529
4261 8504
2142 4861
4597 5534
420 214
1873 7576
1069 7873
5360 5276
3596 7366
4696 811
5832 5888
6812 8876
2995 9948
7891 2136
7498 5296
4875 4822
4205 5710
1725 5098
5312 7352
7283 8970
9281 2406
2247 8530
9355 2359
4718 2648
6874 180
4133 2642
8143 4715
4746 5942
2838 5274
623 1810
2247 4218
8378 5694
1322 607
4560 2702
9007 8685
6660 5900
2492 9373
6522 4182
2648 9600
8193 3284
120 9347
2976 4701
2727 8467
2224 2042
4732 9139
8138 9323
295 7884
7747 4841
8315 3461
1397 2539
3906 5011
3088 2365
6733 7570
7985 9022
8444 7445
433 3128
5390 5194
129 166
1016 2113
836 6753
8763 9471
5919 1963
3505 8270
8012 1968
4264 2455
6949 4201
2195 9043
2159 5315
8268 862
1540 3136
4671 4765
3014 5645
1555 8226
577 7811
410 8877
4640 9937
2908 533
9987 2618
4174 8375
2831 3227
1672 4878
3703 5649
6488 7284
6394 3688
8481 4984
4332 9446
7992 8689
9977 2441
8145 818
9847 3710
7044 7470
1852 9604
4726 7837
4144 1472
6102 4992
5556 3987
1557 962
7459 2137
9209 8959
6935 2867
6644 5849
2352 3703
9344 136
6753 2645
9806 2754
6779 2302
1328 5933
4846 8513
9667 4928
3805 2614
1825 400
9233 1598
6661 2810
97 1754
5984 9851
161 7451
7148 6776
2136 7258
8400 1052
8470 6298
8003 1228
758 859
2404 7793
8464 8640
8297 6598
6626 1890
5382 3440
1072 4326
3777 9934
4042 5420
6708 4001
2141 4026
3970 190
765 1529
3566 4402
4417 8191
392 2534
1711 2252
2617 7603
4473 2872
3537 6742
6344 3517
2319 1207
5209 5185
7585 3719
9493 5192
4476 2009
2037 2855
1742 8691
5861 763
1986 8644
6345 6795
1445 1448
1182 3883
1350 938
6034 8851
8963 1129
2774 80
6914 1822
8242 3641
5116 8493
5498 420
6657 4426
5312 3418
1912 2286
6667 7576
2310 1562
166 9800
3521 9083
187 9823
6725 2703
1538 3432
2199 1239
3508 1457
6648 4429
5397 1141
1292 7687
6114 522
2123 6669
7751 4411
2120 5624
1892 4648
1920 3659
1489 6877
1333 1191
8591 3136
2828 2217
8001 7151
4292 4887
9451 3130
8809 9195
7130 7276
3383 4910
4244 8816
8482 4105
3137 3746
1285 7992
1866 259
9705 4768
7313 1377
4713 9235
9569 3559
8021 6433
7671 2528
8643 5601
2050 642
1116 7312
8055 1928
9318 8410
568 384
6541 5895
6646 8551
4520 6087
1924 9986
7754 209
4334 8638
1381 8247
6842 5354
3862 2255
4189 1299
3773 478
8833 672
1099 998
4182 5888
1073 3842
1847 1441
4150 4990
3150 2402
6521 1244
9019 3307
7960 6325
1712 443
8641 1741
1904 8386
8951 378
3658 8880
552 7862
5105 4430
3948 722
2286 1932
1279 8734
5384 1034
5123 2599
7218 5323
7104 9440
2341 1463
5422 3252
0 560
4453 9563
7870 887
7858 5291
3575 2672
7740 6896
2249 1491
4664 3519
9464 2052
458 3559
6259 8277
7549 954
4809 2091
8437 9595
7164 2366
3970 9383
9445 3669
6360 8969
89 5618
6653 9737
1130 6521
6451 2437
2193 4263
4215 1907
6346 9152
8712 5125
5632 7881
5484 6078
1580 8392
3343 6964
4840 153
1710 4134
4456 9202
7027 160
2763 9241
4610 253
3214 6260
147 1212
4641 754
2304 4966
6655 6424
4034 5951
744 4622
8951 2251
113 1899
1464 2515
1727 1166
5480 712
1904 5807
9774 9671
635 182
807 6094
872 4170
5717 7358
914 6268
141 4497
2108 5204
4000 430
3842 4412
7784 2010
5458 5037
5862 785
3035 743
5321 7814
53 5813
4737 6983
1761 767
292 1381
2082 1745
6865 9650
7339 4477
7668 4396
8587 1581
6842 2057
6023 459
9477 4451
1287 5604
6418 4790
1748 8122
1080 3463
6863 3530
9940 6216
9206 7854
1315 4649
4515 4163
2415 7041
3557 1885
798 8510
595 8089
3143 5577
622 1571
1335 9693
966 1690
899 9417
4160 4305
3039 8404
7223 9719
8526 593
417 2201
9163 2068
3 1351
9079 7587
2519 596
2483 7248
6172 3713
8609 6534
8127 3853
6630 577
329 9526
4963 8659
2649 4195
8516 9941
8484 1589
1528 1819
5082 6330
5091 6987
7306 9684
8688 2287
489 10
1643 2041
3679 9422
1294 3415
5730 79
7370 9271
9367 5631
3848 2220
1830 2760
8032 865
3854 3866
4026 7933
8969 6664
7396 2088
417 1988
2660 1246
4275 5128
8702 2578
2243 2630
9911 2116
2240 2018
4298 8966
9465 1903
683 8907
7936 7799
9147 528
4542 9424
60 1616
8391 4155
2038 5539
6416 302
297 4743
1230 9316
7283 2338
6848 7203
7220 406
7008 8111
2432 5574
4470 525
948 472
7742 9946
2621 6540
3147 3117
7718 1260
5739 891
2017 2067
3149 8650
8792 467
7553 3239
8051 5826
479 8988
2172 6229
9930 5788
9986 4336
694 7361
5243 5004
8568 5432
3486 7530
1965 1787
5744 4360
1182 6256
1836 4657
9858 4736
2152 5209
1684 5930
7638 5802
1975 3048
537 9400
1447 1923
9449 1516
306 1955
2056 3535
8278 553
2741 389
7453 3185
2465 3052
8199 8002
1969 4549
9942 5480
579 1474
912 3715
4180 8817
944 8129
8737 7144
3614 2378
2044 3329
704 5835
2226 1736
817 7205
123 1331
5762 9814
1330 9649
3582 1177
1622 6774
9266 9786
5551 8102
3068 4060
7317 6911
83 2190
2781 4093
7959 4155
501 3624
6219 5281
8947 2688
7904 117
2408 6524
2740 3396
9211 8335
4667 1965
1508 156
5084 238
4741 4108
9296 1724
9888 1454
86 711
3797 9518
4859 7084
6282 664
2568 4717
3297 1342
7340 2383
9572 1465
2859 6562
7028 3469
4871 6614
3842 6240
2655 1404
2637 8685
1285 4299
1774 2067
276 1780
3568 4563
5233 3831
4053 7578
7937 6087
1476 59
7468 8860
3095 7138
8592 9464
6356 4052
5385 8669
9578 3130
320 7068
1615 128
4034 512
6055 1097
7970 6541
696 6085
6081 9891
8284 214
7437 9480
2038 8607
7176 1076
424 1086
1034 5934
1125 955
713 5576
2866 2721
1657 4694
1939 6910
5855 6389
83 2982
3578 7050
4435 44
2180 6360
6647 5443
340 5270
8654 1393
4200 5088
8817 6341
3746 6252
7613 7995
1440 2080
7668 2398
9937 963
688 9374
2836 785
9946 7650
8275 1811
3626 7039
1616 1630
8320 3929
5615 1978
115 233
8517 5318
3192 9729
4447 2683
2757 860
389 8526
3910 3337
9824 73
5599 5273
7146 924
467 6054
9093 6848
4997 7847
3024 5229
3982 129
6389 2877
334 1585
8950 6256
5510 9095
553 3937
5845 7109
2001 8088
7489 4969
2911 8834
9528 5302
4264 1326
7976 170
1065 9097
396 7883
1113 6749
280 8451
1022 7685
5575 9310
7635 5220
6466 3314
872 711
5748 15
4026 4008
5804 518
3253 7108
4915 3726
4679 2111
1999 5765
7846 4711
6790 4436
1141 8614
8135 8166
963 2572
2758 9147
1717 7900
5494 9512
2213 149
4764 9185
6458 7893
529 1465
1834 5673
2088 521
493 9000
4641 6863
2789 9056
733 505
8907 8848
1667 8499
1195 8457
8386 7006
7186 47
760 5841
7239 3076
4771 7171
904 4182
9302 3082
8263 7288
2030 7534
1589 543
2901 8514
8940 6718
9431 2660
755 2772
2035 8002
2558 4403
4085 3439
581 7477
1937 9782
1078 5066
2 8399
6749 7381
8500 1664
7379 5624
7006 4022
8388 893
3589 6788
741 1495
2445 5946
4646 9608
3601 7946
5589 9764
6597 3639
8979 9909
4665 5999
5787 913
8113 7467
3920 361
3235 1764
950 4643
2704 3880
4628 8730
2247 1549
632 6405
1687 8981
779 341
4995 6163
7751 4803
7787 2973
2774 6057
1624 1251
3117 3551
8040 8079
1193 3290
5659 8957
4904 6448
2700 5645
7356 3871
7620 5382
4139 5374
2492 6093
2666 9860
3586 8742
8972 6232
4639 8683
5669 1304
8694 555
6212 8974
7678 4116
5120 4704
5587 2612
2098 7895
7386 8028
6932 1730
5492 2966
7560 9852
1478 713
9900 347
5478 8331
7804 8283
6488 5414
1913 8330
490 4414
681 1317
8972 6866
2798 5971
5413 352
7851 2288
5042 1614
1493 2253
4847 1703
278 7734
8683 9218
5384 9588
5511 7529
8032 3332
560 9688
6297 2647
1437 9893
6291 6700
4522 2256
4634 1291
7959 826
6108 9379
9067 7163
5254 6519
1709 2782
5214 596
9268 7088
7030 5430
2797 1033
4831 1275
9197 969
2461 5368
855 5079
9738 7690
2048 854
7117 4928
322 9242
6044 8136
7982 4538
5743 5671
8069 1189
5607 1997
745 9977
1599 6856
9647 1794
306 2920
1560 3361
6285 7667
640 9085
7414 8841
6086 7870
1742 9515
5566 759
995 9511
5427 6547
5496 6455
1889 4628
5465 4715
2977 8184
6394 4612
9878 5485
1792 3827
5769 71
5266 9089
5888 3743
2640 1152
4596 1453
1621 514
1026 2634
8457 8137
4626 639
8666 8446
8167 131
189 741
3718 6643
9263 6113
1578 7106
5249 3236
8455 7251
4675 9242
3198 5748
127 2071
5121 3326
2106 686
8 7610
5623 628
2226 6134
1645 8516
2335 5752
9337 2979
8606 7699
1367 535
1571 2680
3565 9604
5212 5694
328 567
5139 1749
2588 1031
5862 6455
4630 9464
7318 6688
2148 2817
8925 9760
5207 7441
2403 2270
7703 4622
98 1103
4408 958
7113 6487
4861 601
5678 8064
4122 3870
1320 2185
1358 1142
1835 7376
9472 2502
6501 195
3544 1449
1609 8419
2370 3293
1274 7019
8703 9772
1306 8480
8941 2222
8035 3833
8648 5885
150 9968
8496 25
1778 1289
4701 269
8712 2802
9152 2130
2605 8412
3324 786
3983 890
9461 6976
4427 8359
8216 8982
4926 1629
4987 5839
4602 1043
1366 8790
1276 8887
3666 7198
6364 1548
3345 2724
1749 9621
2271 738
9413 947
6391 8774
7639 3355
8889 7762
543 5676
6282 7556
4309 6991
9724 2313
1351 5472
6384 1870
6824 4172
1465 231
8125 6475
2179 6500
9625 1056
7972 784
9447 8431
7345 2571
3752 3870
836 9451
7038 9375
5405 7247
5161 5645
9799 1588
1551 5493
6765 4123
9681 888
1500 5723
8844 3374
3018 4339
2301 8812
4247 323
3961 6984
2179 1323
9692 6205
7104 9747
2832 5355
2250 3485
8304 3312
3476 9832
7213 509
2501 9303
7857 434
8387 1410
4578 5036
7374 2666
8697 5392
4096 3010
5716 9288
2116 2317
1337 7693
6197 3651
8348 1605
4872 6456
4147 8656
4028 2654
1848 942
512 4841
1710 4387
1127 2323
119 8045
920 9890
1781 4549
3832 2567
1744 740
2540 3129
6296 1385
3769 1761
9980 6072
6559 22
3754 3908
806 7420
4935 1008
1879 153
2257 1731
958 9096
3459 2778
6255 866
2409 6371
3079 8313
6741 8839
5763 5014
3457 2198
7719 1974
8390 490
4760 2801
3308 2549
3706 2636
2995 7644
146 5567
4562 8857
7971 728
5166 7867
8443 6897
2093 8353
4771 2400
7978 3799
8258 8446
2364 9695
4788 8859
7443 5923
6618 4320
8579 1626
8705 1332
2980 7114
247 6163
9880 8493
27 3515
703 2967
1173 4041
6392 5399
5158 7044
3161 9628
8961 7576
448 842
6729 5975
811 620
669 6090
3221 8364
9554 3214
6114 3937
9584 9005
6285 9081
3840 9353
8111 5991
6132 9265
1523 7054
5495 5597
4264 8591
966 1308
9191 2783
4143 785
9829 2157
7913 8841
8779 7394
549 9744
7892 3658
9716 9301
2503 3698
8361 2971
3094 1411
864 4289
1590 3038
8654 8708
2000 2280
4299 2227
6263 1767
8174 8051
2875 1901
6279 2516
3613 7989
7603 756
1476 76
1899 7011
1311 4531
1390 1927
3932 9186
5377 7281
281 2174
2516 9855
8585 9470
8679 7667
6153 1450
7740 900
7059 1173
5087 739
6738 4061
6099 6145
5368 784
8782 1311
7213 9474
1272 2150
9337 5836
9376 89
6403 6231
8272 887
2202 3801
7986 5877
4005 5663
611 6987
8230 6156
8887 9118
2292 9697
269 4175
2969 7166
5476 7825
457 5527
6894 4096
6756 3370
6724 2081
3886 6080
5963 3716
2541 1635
5797 9857
4546 111
2330 642
3740 219
3625 2477
3993 858
426 5942
4719 557
4022 1394
3018 7099
5993 9358
3446 7588
982 3537
1776 2770
635 3087
792 353
9847 6288
394 5137
1754 7952
6909 6058
4940 4856
3450 8143
4657 2606
2561 9925
3386 3304
921 6006
1311 9590
4327 5313
4332 3953
7010 1989
7882 2110
1348 3902
336 3832
6515 4030
1050 3373
5328 7392
8168 1207
159 2329
8826 8159
4409 8656
9466 6829
5311 5935
6138 2050
1359 4394
9729 4809
3340 9600
4912 8427
8409 8944
6089 7603
2998 1950
162 6961
2558 6197
7270 4003
432 1599
7645 2193
9677 9459
2318 1687
5217 3519
5378 4056
8006 934
8746 6801
7941 7803
1171 813
6606 1471
1161 9159
587 3160
650 8836
895 5474
1437 2162
1236 474
9139 2668
3750 8841
1692 4048
7562 7261
8941 1298
8164 4830
7121 1538
7575 1744
7725 875
7613 2964
6536 2046
4073 404
3547 1951
9675 9247
6790 8285
7429 1953
3571 2072
6284 6023
7038 2062
6081 306
53 6759
2768 7002
8589 5378
4120 3972
5109 287
6300 8695
4591 1790
1674 2763
4268 4856
1434 2563
3607 6957
7913 5373
8357 1261
5671 9560
1964 7563
5165 437
5249 9023
1491 9393
2742 3899
4577 8914
1012 6320
1812 9423
7397 9297
1188 2261
470 8936
4676 1495
6330 1976
2249 246
7618 3924
9038 722
4236 9902
8791 8383
1610 5042
2741 9436
7173 9123
1066 8400
2593 9078
9261 5237
6722 8526
8304 7257
1423 8408
480 8675
4631 824
653 723
9857 6579
2251 109
6856 6575
1591 6744
2295 9063
3662 3890
5329 9524
827 8902
8628 1497
8031 1712
8495 4349
1062 4592
8641 318
7591 3918
2340 1268
7388 8365
5819 8579
5444 1042
4215 9830
549 9991
5472 936
2901 5003
5890 2788
3451 4301
134 9345
3474 8217
8339 854
2622 7442
2484 84
9025 4672
1915 915
4608 6603
630 4877
9186 633
7634 8363
5001 5541
8157 3340
612 6049
1697 8589
9187 3117
2509 3990
2445 9608
8806 1345
1263 9157
3854 416
6534 5570
9347 5967
5119 1814
6124 3256
3852 5321
8128 7318
2170 2681
7911 4556
145 6858
2516 278
5100 4045
6164 9632
537 68
3840 5574
3154 4964
6969 6860
3374 7804
3717 2463
1314 2245
1284 1563
5788 8731
3641 3823
8865 5340
2837 2926
9125 9982
582 3191
6139 7653
9280 3303
4846 3733
2618 5277
4048 3029
6589 6094
4304 6357
6568 2267
7937 785
7335 8784
7304 1047
9045 4222
2550 389
4352 5163
6680 4534
6748 1880
5147 9151
1659 7635
8436 9604
1243 8638
7583 625
8016 2096
4517 4470
9140 9851
388 7730
1580 5662
7754 1779
6141 8539
5809 1037
7183 5275
7906 650
1568 1809
4547 1152
876 2556
5874 3865
1676 289
9751 5199
2636 1673
1781 870
4065 7207
882 8015
4635 6844
6920 4858
888 8782
810 3435
6602 5639
6634 3953
825 8730
4650 6451
7819 9131
6002 4795
9411 9615
1666 6072
2376 1
1528 6382
6440 5543
7828 6753
4893 7044
1626 9074
1710 640
4840 8377
8425 8693
969 6627
6160 3771
8121 9710
1153 8486
8090 3395
5802 6910
9558 5507
2477 2320
8998 4550
5520 9747
3682 8159
6825 3805
202 8708
1192 87
3077 1292
4549 2478
7751 1882
1675 1116
8280 7465
8389 1815
8451 7224
1897 4455
7548 4873
3186 3934
9862 2709
7490 3923
1556 2162
5447 7503
8638 9063
8845 5708
5815 2254
7413 5099
7020 8411
8405 7557
2495 1965
4815 1444
2133 9331
8438 6515
9340 2945
1903 1283
6834 3683
997 4159
6914 2257
9087 1346
8272 6467
3877 3608
5703 8743
1 5795
8624 1473
7075 175
4326 1794
9032 6999
152 9324
331 5497
3758 5908
9964 8103
8592 2393
3313 2992
7572 7653
6618 6911
5334 1042
2425 1874
7740 5646
1378 1101
5610 4578
9807 2496
1380 8479
183 935
563 5066
2176 4096
282 7354
5858 3730
5321 6479
6942 2172
2001 9429
223 3068
8633 5626
2016 6737
352 5260
8382 387
2532 2262
1184 8961
7458 5421
6260 4075
9087 2678
2731 8690
7975 2746
3080 3100
5941 7372
3013 7133
8258 6074
5399 7058
176 5155
5410 1951
3241 8985
1168 5852
9908 86
9950 1531
409 6195
7496 7309
1252 7607
454 9334
1023 4957
1206 1214
875 1993
653 8057
2287 716
8184 3417
7941 7286
6760 2179
5072 8396
5965 832
5299 7402
4546 8612
8734 3482
2969 4356
1322 5254
728 835
5960 4266
2053 8670
3748 6590
7614 1578
2384 3890
5164 7818
6942 3466
2681 6837
1325 2477
4015 3190
9465 9049
4803 2294
524 2905
5074 7304
2297 346
3098 1683
2747 8362
4588 6134
5225 5665
1345 8006
1964 773
9003 3227
932 6169
1181 1788
9832 4853
5405 1928
7437 6428
8553 6648
58 1961
1208 2769
377 5868
2339 7885
2623 4036
19 2636
4704 9213
6221 5175
2333 1180
139 982
6863 8888
9964 9346
1849 3788
768 7805
217 6426
6716 4961
127 5554
389 1271
8801 5827
1851 825
5790 1025
2867 42
7553 3784
6314 4596
4377 5104
7862 9713
1495 6145
3663 1038
2679 4953
1279 1022
307 2492
981 6971
9716 3227
3872 626
9546 2488
4730 2175
6494 3705
3731 4742
646 9723
7088 1461
6873 4408
6468 6422
9252 3484
6605 377
1052 8661
8658 769
8948 3561
1660 1629
161 1933
1762 1482
3324 1907
1001 4519
6872 1091
987 2570
2357 7325
9240 8481
949 1133
6331 940
4365 4705
47 7321
5278 2631
3473 7375
8884 5130
8759 9871
5150 6031
7473 87
2351 1163
383 9658
9716 4071
6324 5581
7032 8983
4857 9282
8389 3655
8373 3162
7035 167
3868 2743
4325 1992
1301 1232
1594 8183
1984 3545
6258 8986
9431 5522
2043 5593
9525 1374
1866 9247
4741 2503
3285 2576
2956 2239
5024 1597
9593 4122
6198 2950
8716 571
1211 976
1029 3869
64 7495
9662 6483
4647 7205
4908 2465
4855 9860
9233 9900
818 9552
4550 9359
8469 7009
5016 6640
2879 5384
2000 6611
2294 8231
3863 110
7911 9526
393 8572
476 8867
890 4501
2131 1737
1718 2893
1980 5813
7245 1916
9187 8101
4608 7775
3135 4977
3909 9294
3562 3919
3681 93
1731 8370
5510 5414
4912 3922
2138 6998
6055 9122
7850 9863
2879 1038
8223 9919
7810 7395
3761 6087
4710 5412
4313 9438
4877 4665
2203 7919
8265 2443
8804 3024
7956 590
9552 9756
1663 3390
2319 9172
8761 3341
728 5745
3411 9899
6095 3950
6545 6807
372 7523
7475 6645
9148 4404
21 3585
6627 9452
1604 3603
6545 3300
7618 2068
8813 89
7196 9023
304 2413
3754 395
1100 8380
8134 1592
7548 3761
49 4504
1133 554
9922 1601
2366 2794
864 1968
9140 5581
547 5760
4929 7809
8869 9307
5814 5348
127 2096
8774 9640
3233 181
237 6606
3810 1263
880 5426
2761 1968
8727 8723
7915 4720
537 7558
3974 6607
326 8907
1645 8073
9755 4576
8597 1532
1698 916
9727 5750
3720 6607
5368 3619
3571 2320
5085 3157
2163 6152
2323 7236
3831 2021
1365 617
9076 7249
1887 9781
3234 6780
2107 8183
7368 7223
5194 4526
8377 6931
7622 540
6142 1897
9829 2652
6230 2795
6192 5
3547 442
9573 1070
8519 6890
841 8549
2871 6019
8642 331
5071 7466
8725 2834
2958 3903
5787 7866
852 1672
3322 1656
8657 9694
5025 1944
3039 5589
2019 5333
7730 1170
7928 790
1791 4521
4800 9643
3963 2549
9785 5352
2741 3979
8947 8945
6727 3905
9010 1080
9353 938
5924 4466
1655 7013
868 3792
213 6408
7038 3917
5183 8503
4003 4739
2341 2554
8511 7972
1095 2189
4058 197
4541 8553
9804 2541
7723 6579
9461 5791
8275 1443
2412 3443
3307 936
469 4908
6432 8475
3608 6870
7995 8209
384 9518
259 9541
5137 9479
163 2053
7246 9546
6766 4331
6218 5357
2768 6879
6013 1879
4471 1882
7657 6003
626 9678
6750 4099
1768 3157
9210 2712
3261 4424
6693 2751
864 1554
5725 4749
6536 4851
1101 798
1568 1976
8227 5466
2000 2587
3506 1946
6191 2935
581 1433
1174 3216
5829 2894
8758 2112
909 4602
1389 1348
8523 5853
869 3881
3674 1773
4429 4433
6110 2378
3564 3066
2688 3883
6099 1553
5515 685
8610 8962
6294 3662
5822 8196
2563 2149
4098 2371
6422 1412
6099 3245
202 8496
9448 9954
1969 5953
1370 1941
7035 2037
4297 3928
5417 6265
1823 7223
2658 1051
9369 3540
9493 9562
3218 5795
3312 8207
6946 4022
5824 2816
4424 2748
330 1377
4403 3493
9786 4558
2664 8585
4602 7480
5007 4570
742 7372
3710 1415
5981 1482
7498 9459
9994 2339
5323 2789
5939 8436
2320 2529
4306 4195
1171 2551
707 8984
1534 6362
349 7806
9694 6708
8276 5738
1094 4216
1950 443
2375 3240
805 4210
1727 5960
9964 8148
2944 8787
7046 3997
6003 876
9411 8344
9996 951
4636 1292
2496 7946
4769 5017
1620 8718
1793 9332
2119 1306
9146 2287
8979 4642
1186 5260
480 4267
2229 7779
9130 8995
1967 1538
2404 5727
6572 7157
2332 9077
9694 7606
6945 1307
2048 5686
914 7087
2089 4573
105 6264
7554 2655
5225 5933
5451 8912
6339 4821
6427 3897
5775 1454
4775 7034
5625 194
3573 9938
7386 887
9425 9950
3161 5958
768 1182
1665 5423
371 1566
4005 426
286 3172
8897 7489
2362 469
8818 8972
5623 2109
5321 4269
1046 9182
3932 2142
6086 8936
8750 5943
8877 1371
4657 3396
170 3049
1896 1862
2121 3135
6929 9881
38 1173
2787 2518
485 6260
4357 2826
9697 7127
752 3911
7860 470
8053 5881
2135 2735
2257 3867
6298 7013
800 4331
6310 7470
2320 2908
7713 1431
1688 7163
162 4795
4072 2596
8821 3636
1858 1701
9185 3841
1130 6915
8264 9944
2875 9404
2095 94
7050 9885
2511 6437
1726 5925
1435 2501
7584 665
2868 4095
5247 1257
6361 7885
9399 6595
642 3742
8851 7367
4206 1777
6065 5419
4044 6607
2982 5456
4231 7182
8353 2052
3238 4067
3428 1785
9075 9144
3952 7301
6505 2558
4272 3132
3924 1700
1497 8988
3492 3209
5328 8039
2770 7871
172 4390
4022 1553
4350 459
1928 7574
9167 4024
4005 9814
7129 7502
6180 268
3768 7817
3514 6509
2354 202
4331 6600
1940 9845
2578 2462
975 1149
771 932
5220 8860
7455 5831
5420 2823
919 1183
1339 6752
9077 1847
5445 7886
2055 6155
1617 2811
5821 9427
13 6333
342 352
7314 2071
5685 5717
4106 6112
8154 9944
9680 4997
7870 2584
8791 7402
4831 9168
1725 2326
5917 2125
688 8656
1124 8957
8162 5717
1323 5817
4697 140
908 3669
7515 5867
3798 2677
1032 6026
1055 5762
3640 3496
301 445
9527 8270
9639 722
493 2897
9031 6401
2099 5820
163 1002
147 29
3884 8439
783 1150
1799 6366
5749 5335
3867 4070
3922 5970
2425 2186
7732 3424
5746 6301
1316 5946
3670 9053
3892 681
1657 3146
5845 762
6603 2025
2093 381
7176 1076
2343 877
6669 2900
8538 9109
2652 9954
2943 240
8642 9354
3133 9442
6711 833
5847 165
5909 8168
8713 9031
236 2929
5023 7922
7462 3634
1831 5931
2535 4072
7607 48
4295 670
178 4188
7347 3102
6887 6812
7360 343
1562 743
7202 5744
664 5417
2156 7788
2293 5825
5480 9038
5192 4348
2106 4846
505 6977
8336 493
1737 8607
8573 6181
3811 403
2182 7317
7010 2879
5196 5644
3588 3191
7196 6531
5773 4333
4403 9504
5278 80
2373 5784
7768 7376
560 2085
7036 3878
4460 9960
2356 178
2983 6113
7591 7652
1822 189
1497 383
2814 4847
7553 4410
5404 4178
880 4297
5921 2317
8863 8108
9099 1272
2167 791
5200 3646
1958 7058
1220 356
2945 3137
4428 1785
8517 4198
739 3102
9923 4949
4302 4952
9580 393
7580 692
9848 9141
3408 7098
317 1822
2577 7397
1966 9287
753 8002
8050 5308
1501 3351
7751 6772
6629 9158
8598 1137
3837 161
4328 8649
7795 5904
4634 2730
2674 7409
3469 1913
8678 7664
7458 1500
4000 8776
2132 5081
2605 5496
4165 254
5858 8873
9646 7891
1194 1599
1457 4093
5828 4798
6449 5540
7622 3983
997 7543
1143 5619
2232 4878
364 9703
8645 4720
3297 9352
2865 4070
2954 9417
2473 6351
9114 7875
1198 4214
4851 9885
2958 8130
4623 5932
6645 6124
4928 1180
1956 7622
2179 3167
784 6746
3290 3542
2782 4656
9129 5790
8526 4132
4657 2157
5685 887
364 2333
1904 2677
9448 6663
7813 4536
4104 6276
3276 123
5974 3056
6879 7521
6478 1696
702 5446
3559 6917
7622 7318
8899 6850
7634 6829
5690 3515
9826 1215
1905 782
8187 4969
9185 4758
1279 4039
7957 6797
559 6471
7683 3650
1214 2926
703 5564
6024 8122
6237 4974
8691 1544
1510 8475
8405 5703
844 3467
4230 8589
4769 1711
3399 6456
3381 8865
9155 6359
3071 2256
709 554
6558 6107
5418 9591
1327 8459
9417 1135
7666 7494
9296 9008
4601 1473
1520 748
1105 1094
6011 3258
9796 167
589 6188
2013 3857
554 7888
5069 5668
1798 2507
4222 978
6027 3331
9719 6790
1542 1755
7615 8904
4354 2517
4549 3838
3514 1171
1503 2884
8361 2142
5489 527
9732 3499
6337 6478
666 6779
1081 3842
9899 7841
7420 3456
119 1098
7053 9061
8920 312
972 3801
6563 3871
2002 5655
6155 2628
7727 1036
5015 6690
7394 1582
9428 3103
9337 3647
6926 2318
2505 1842
2475 2358
8016 8909
856 9908
473 959
536 2508
9441 5892
9162 4310
8040 5271
907 8295
7817 8551
3021 6716
7021 4221
9046 9998
2508 4157
8379 1091
1174 1291
3918 8305
226 1808
9173 4073
1397 269
7838 6033
5381 1823
5936 6834
6318 6516
5091 3955
469 4140
9971 2102
155 356
3809 98
3540 4207
1851 3584
3192 3766
1084 1610
1690 9570
2087 4577
4439 3030
896 558
6273 114
2284 2811
8157 9782
4026 1218
8426 1156
9538 1094
5780 7386
4173 8530
2471 174
7476 2047
1703 170
6686 2953
1327 8714
1621 1396
5721 771
2248 9435
4718 3927
3078 3673
9150 3718
7193 4300
5089 4823
401 9238
7151 9271
4755 2406
8926 4769
1473 9862
4746 5200
4203 3926
4250 1473
1415 8410
5633 4347
5821 7999
129 9363
7574 1988
9159 764
999 4935
1747 3308
2856 445
9030 2693
1562 2517
417 3649
2295 7711
171 6271
8508 873
2387 3646
117 9563
535 7335
8008 804
885 8865
7269 2084
1248 8847
3244 4076
2038 3884
2207 8690
6607 6425
1370 1641
2344 2646
16 4641
4560 4592
5864 3819
5554 6746
2456 8863
2757 2639
4896 6081
3873 7814
2506 4962
7219 5223
9728 9123
6418 1230
4303 783
7651 9198
1275 9001
6922 1159
2484 2532
3234 2394
535 7538
1455 1388
935 1455
4434 3114
1197 1278
2172 6237
8637 612
8678 9870
4876 1156
1537 2971
6607 1899
362 1834
1910 5805
2560 1533
857 3328
249 8470
2641 487
7377 3901
9674 4241
5365 3713
4087 1364
8447 8796
2631 8467
2131 9321
5575 3240
3625 298
8824 46
1675 2341
6994 6942
1714 9055
2377 7340
5629 1564
3071 7571
5730 4181
5034 799
5159 7643
439 3913
3250 7563
9231 4184
9424 5603
105 3189
4036 116
9505 7760
8336 6360
8248 6514
4728 9814
3755 2178
9205 2515
5800 8444
9576 5067
9454 1999
6624 833
8516 9558
2253 6483
957 2857
69 66
1979 6965
6472 3968
4978 1481
7519 3947
8782 3378
9834 8377
1624 9354
1242 4884
36 6444
6028 6808
5918 8779
4071 1306
9047 9843
7944 9676
9178 1344
5084 4014
3332 5278
2525 5271
419 7713
7905 7253
1406 4534
4848 8417
9318 9370
9044 6022
4684 4121
8389 8755
3491 7673
3318 2575
1382 2761
6234 5901
5805 7636
2524 8080
1532 5290
1677 4849
477 3024
9678 6686
320 4503
8241 1013
1791 6635
347 7074
4503 6013
4013 5973
1780 3587
1683 6408
5643 3822
2620 1327
526 9788
3644 1152
2572 3376
7454 933
9719 5119
1758 912
490 8715
8070 7422
4539 8389
9927 4671
5021 335
6442 9862
8169 1488
6919 3900
7806 9451
3255 6761
1878 5922
1205 3141
7675 2359
6810 6396
6650 3460
1801 2385
7206 124
279 8004
833 9169
8527 2006
391 1750
3270 1996
8891 6408
3818 6099
3541 5289
3872 7652
3404 2525
6703 7752
9457 7049
1815 4285
4156 4184
1734 1817
3756 9824
396 6062
25 4645
1165 4991
1691 5212
2743 1362
5184 8979
1444 6150
8218 8959
5330 6855
264 1685
370 1408
231 5933
1358 3985
5671 7956
3918 945
7586 3665
7372 1237
4779 5018
1591 1633
2468 8280
5461 1582
9907 8201
3757 9917
4133 1764
836 4635
9858 18
9477 9862
2004 9483
518 3359
2403 8270
521 832
3074 3942
6977 1648
8304 4393
3990 5429
423 1570
9914 8153
921 370
60 7056
7740 6994
7021 360
5667 5276
8962 7122
944 7387
5657 3840
8870 9760
9679 9728
4292 4934
2865 1752
1583 1400
5122 5362
7422 1074
4172 2282
9404 4614
2858 8245
5193 4384
7334 1877
18 8043
799 5451
7379 3013
2093 2572
5674 4352
2728 7974
9470 4603
3813 3412
4448 3041
4946 9745
560 304
4197 1514
7075 1197
623 7959
2339 2886
343 603
4712 8967
8469 3673
4102 4481
6427 5802
3959 9576
3579 1404
3770 2892
949 8669
7275 9147
2159 5145
8326 9220
1067 800
4502 2143
3331 3388
3651 668
2504 8129
3164 4297
1419 6101
832 3591
1451 9954
2643 3023
3809 4106
2047 3425
6057 1435
985 9614
6962 6387
3366 4231
8214 8037
30 6148
7998 1052
1600 5114
5392 6224
6566 3111
603 839
8681 1359
4005 6094
6728 653
2034 2263
6086 1810
4968 3029
9810 9937
1057 4854
3562 3727
4192 225
2546 6437
2071 8496
7282 56
169 5759
2190 7322
172 4246
3994 786
7121 2691
7293 8490
5606 9244
1829 2871
9707 9412
8524 3982
4885 4651
8186 7013
8208 9003
1483 1832
40 3216
4257 5774
8649 551
7853 1675
6853 9243
4506 8550
5110 92
7659 925
5077 513
4919 648
6346 6719
5217 140
4853 9210
6205 914
3517 1723
655 1223
6823 339
246 4532
2233 752
9146 9280
7807 4237
7650 549
1245 6047
2761 6880
806 4253
7921 93
7149 191
1288 5171
1643 7450
3515 8700
9568 9306
7816 4632
4381 9410
9896 7810
209 4993
509 547
8930 8661
5016 4661
78 8484
2543 6411
3587 5208
333 6447
8428 779
1450 1435
1901 2084
172 4557
7089 5616
638 2149
3409 2069
320 3536
9752 8242
4159 1482
389 8507
3430 2448
2353 7204
8565 9636
1250 6380
8578 3092
9919 236
8189 1356
6548 4079
1465 187
5768 1924
3495 1156
6109 8210
7252 6087
2088 5645
8391 3695
8322 2486
5572 220
8398 6647
1860 2276
4828 1790
6008 5397
5405 4329
7307 7423
2472 8196
5768 976
9340 1375
5149 2943
5111 5988
8894 1821
1863 4215
9277 8857
5903 8639
9352 5203
8124 1428
5075 115
2392 9257
5672 715
7631 2395
684 3258
5297 218
4996 1523
2199 1753
9367 6093
5624 7345
3142 780
1614 1147
6201 4240
3973 493
9612 6604
4868 803
1403 7305
5216 2082
4777 7308
621 1178
7975 2550
7686 1418
6914 5643
1087 3785
5998 2022
3288 2482
9282 522
5157 8270
1860 2715
5948 2601
2583 2846
1551 5902
1810 5295
6074 7364
227 962
9055 4829
4916 9052
9968 2396
1756 9138
5101 7303
2665 7746
5247 8158
9068 9521
5268 2059
2262 1684
5676 538
4194 1571
1746 795
8882 6667
9248 5989
319 5604
2732 445
2251 7650
5047 9239
1145 5951
3993 2316
5840 345
149 3854
2876 5463
8770 9160
6725 2450
8508 6441
5604 6866
312 1426
4675 8535
7752 7101
1348 5449
9342 5921
5109 7762
3491 9060
1938 314
9866 704
7003 803
8145 5609
1848 5254
5912 8093
9579 3613
1302 7933
1061 2035
3832 5612
2859 6377
3338 8101
2698 2859
619 402
8089 7170
8444 2762
5150 4603
1642 7290
3715 6328
5356 488
218 5013
3759 2020
1231 2141
2416 895
2813 6830
2937 6880
4884 1275
9264 2949
7290 4945
1724 9367
4639 9260
7946 6738
5957 8714
7199 467
6847 3568
6638 3810
217 76
28 1506
937 9531
6179 7767
7269 219
3380 5095
1045 1604
7520 1092
8362 2499
2937 8473
8752 4711
2612 6707
6463 3455
8466 9874
5048 6467
8351 1920
2702 9459
4794 7297
194 1181
8423 2012
7764 3155
1569 3065
1111 6875
6068 8539
9925 8297
6890 5248
498 2570
9027 1110
4005 4386
5259 1488
3044 6265
1127 7722
3760 6930
3248 2009
9345 2556
947 5351
1795 3036
728 5469
2001 3898
9906 6785
7376 1563
5798 163
4960 1951
6975 4947
1774 748
2513 5925
6109 875
6029 4071
871 2705
165 2898
3743 6417
2593 7759
6552 3711
4736 7164
107 5080
7235 1119
277 3505
5302 27
6063 333
3280 1473
963 3763
286 3976
2827 7199
3931 5919
1211 680
6514 7395
354 6658
8167 8541
8925 8245
9827 2109
670 2893
526 7853
651 1779
626 127
2745 5260
734 4968
8618 8337
984 6609
2325 6047
6135 3708
8885 9503
7311 4804
1156 7240
5678 9720
2730 8916
4583 4441
2240 945
989 4322
7450 4953
4882 6552
5557 4340
9168 737
2557 4124
4904 8362
9811 1057
8218 8900
4924 4270
5460 4606
1437 4956
5710 7113
405 4453
1013 5704
8380 140
5798 6118
3787 4651
766 3869
60 6317
3311 5108
3684 1693
1926 2248
5501 399
7259 3983
4521 9294
8985 5385
5331 4965
9278 327
5160 8337
5173 9313
4263 6982
6402 5394
9701 642
1630 8519
5124 7231
3236 8200
901 9133
2586 390
8459 6143
3540 2470
5330 2565
3797 8668
6448 6954
6136 7228
6059 4959
1007 1628
2843 807
2985 7022
7697 1908
409 8813
5704 5954
2212 8390
1738 2675
2540 2314
5526 7659
7147 4432
1937 6828
5393 624
2779 1749
5842 3933
4628 694
3114 2578
4847 1016
1699 5201
1669 6651
7928 6008
1757 2495
6714 2310
1722 6070
1491 2188
2390 9914
8601 9894
318 8508
7158 9292
93 237
5621 356
9325 1136
5679 3339
9851 911
2967 9620
5211 7821
7363 464
2093 1388
3021 383
2238 9520
8104 1589
4209 708
9926 8208
8911 6011
2057 2889
1933 1674
9737 2969
2766 8324
2470 8654
7976 2789
3183 991
8843 6516
2546 5484
3295 8306
6148 6825
9901 4136
5091 9500
3297 673
7418 6981
318 4195
9253 1502
691 7076
8422 8195
29 746
3447 6212
9885 2851
5777 6585
11 1350
1356 3477
795 3450
1544 1341
2719 1318
8588 9547
6973 6041
573 4846
9603 7131
6417 8164
9304 4131
6179 9019
356 1642
5386 5573
6786 127
1846 9162
3093 1853
7867 9794
2266 922
4465 7427
1165 610
8778 7223
334 5876
5926 1458
3220 8106
180 5011
8482 5055
714 2217
7146 5164
2950 3704
8736 947
2294 2507
2160 9536
2965 8892
6995 9356
6135 2370
9869 3540
9271 3739
7322 9306
3214 7498
4555 4090
6759 1586
5020 432
6769 7284
9032 216
389 7749
798 5
6760 1428
2677 7895
5427 2634
9278 2983
6513 6179
7626 6388
6025 3868
5196 3827
6445 4670
9455 6802
1954 4842
9019 3678
2289 5812
500 4918
5373 1189
1348 2063
5318 7292
5339 1337
6381 3061
9492 4402
7065 957
8457 3578
121 869
6217 6999
2827 5701
5161 1642
4989 9138
1129 8273
9490 2114
4040 5534
2391 448
379 3016
614 4188
2234 6256
2075 6853
8555 3511
5221 5993
5012 4286
2223 1564
8731 9214
9376 4343
1376 8762
4671 707
2541 3297
6555 1526
6300 1384
1051 2125
4586 3288
5729 5531
2379 1027
9412 2561
702 8573
5454 5439
5170 4137
6419 1257
7161 9233
3539 2605
1964 6458
4930 420
527 663
3174 3175
5319 4397
4384 3621
2281 8903
8015 4690
7252 7706
2113 6146
6242 7916
2668 6166
5435 7969
6380 8821
939 5878
9805 9055
485 3314
2044 4862
136 649
537 7214
1601 2323
2240 6351
7856 1485
3560 9897
6959 7566
1786 3743
7729 2700
8806 8838
312 7071
8131 8840
8346 8039
3095 7748
9124 8826
5718 6953
2495 833
8573 4819
5346 2755
6817 5300
5176 5490
4419 6567
9604 1093
5159 3361
6562 2453
1782 2376
7392 4716
5585 7769
2669 2970
5366 6533
832 8938
9704 9788
6508 1621
3178 5421
5379 9110
3740 2859
2488 974
9689 9444
1914 7992
1312 415
7454 1231
8242 9492
5035 622
539 6705
6044 3529
85 4281
4418 7115
1177 8335
7160 9023
1752 2244
8523 2946
5449 4365
3049 2521
8899 1529
7545 4415
9981 4962
2892 6994
1875 1153
2994 959
1612 4151
8384 7098
1147 8121
1152 7731
1363 507
2746 7414
8734 6769
226 5041
5039 4258
3426 1387
1382 2382
5385 8499
7717 4465
4212 4998
6801 2120
5180 6646
8075 8788
5680 2199
2255 1741
2004 4379
444 3320
6570 5697
3461 4268
2865 5386
5192 7153
9035 588
9677 8746
5715 2058
8961 1029
4990 6100
1412 8177
5201 6746
4319 5631
1700 183
314 1548
6566 2636
2653 1198
3553 3914
613 8268
6814 8724
6474 6771
4764 1509
5055 4998
5742 1662
6041 1398
419 1218
67 3363
9130 7845
4321 2641
6292 9698
6500 510
9660 1756
7342 1507
3621 9400
5302 8858
5540 5177
1806 2543
9886 1132
5827 2697
9602 2021
869 5259
698 9641
6936 2742
1662 2974
2713 5186
7081 528
2421 2621
272 2981
4519 5186
2785 7859
1376 6077
7736 7920
4764 238
8680 9274
738 2732
1128 5369
3244 8637
7643 722
3849 5171
9957 1613
3711 7737
539 2521
2260 2894
1546 9534
6543 1649
4826 5059
9723 4830
9028 8273
2972 8567
1506 3048
2804 7015
1079 3153
8088 499
2543 6643
6911 530
5335 2458
9419 7711
912 5589
3403 1836
1856 14
5359 6648
2378 9600
4430 7204
9199 6772
245 883
6501 700
6545 177
7143 7732
2671 1686
8301 5190
3729 4186
8813 653
4292 1627
226 780
9200 2044
8204 8847
3568 6113
5848 8450
1090 7384
498 1473
4449 5178
7880 7776
2449 6179
1168 3452
9386 3213
8365 9745
649 8068
8334 3326
675 8950
2120 6438
44 537
53 3064
6120 609
8957 8641
6799 5042
3796 5808
6870 1315
403 955
2507 7236
4699 6640
5745 5201
3960 990
2749 5127
8771 6821
496 1015
8010 3739
9527 4729
1028 9985
3087 882
5967 37
4621 873
5197 729
1149 4871
4911 8676
216 6589
6208 7304
7148 3482
5157 5204
1079 3804
9154 1162
9107 6567
9857 4995
5513 6452
4448 7842
2431 6780
4456 5335
1891 6598
2197 3637
509 525
7251 6053
5040 5733
3861 4668
8578 223
9804 9803
9261 9099
982 1126
5908 6221
2932 7047
7369 6868
561 6851
8926 8327
5312 2829
1915 7728
7525 8378
1600 7597
9351 2725
7947 2725
9988 9940
140 7769
9061 1195
3047 1499
9908 9631
954 3538
8588 5101
4896 5390
3775 6444
8005 2954
9965 6417
2267 5264
2532 785
5116 5585
6451 3932
8641 1108
3844 8008
9826 3103
4633 2460
767 820
5750 9886
2191 1182
415 4431
7702 5228
963 9733
220 7197
3161 7289
956 6765
5498 371
7947 8623
4336 7746
8330 8219
1613 5744
748 6154
1535 3974
9484 2368
3555 3244
1609 4760
6391 8675
8595 7846
388 1815
8475 3305
2956 2239
8566 816
2704 8630
1027 5487
2101 607
9725 2418
1944 6469
5602 417
864 8945
6693 9700
9763 1343
161 8985
9499 1539
4655 5732
10 7000
794 9862
5180 9193
3345 8721
3517 3508
8716 2362
9387 3483
5971 320
2108 9949
7740 5101
1491 3413
6931 171
7743 1201
7310 5976
3268 6790
8930 2397
4718 6049
7552 8395
1747 5073
580 1111
8073 4931
4960 72
9145 1246
2788 5102
1842 705
97 1285
2832 4554
6238 4922
558 7353
1482 798
73 2099
5971 5145
9095 1707
9783 2305
7881 3470
4296 9642
9597 6509
1589 9616
4871 529
6328 2659
576 6938
730 4690
3151 4072
6621 588
8200 782
683 4850
66 6900
9067 9537
1886 7628
8101 2399
6580 2503
4486 1460
2080 3833
21 1099
3373 4634
4246 8216
6368 6062
1119 1212
2953 9272
8826 359
2053 6154
2507 9709
6712 1760
242 9389
1529 4990
1010 4126
6926 1430
2643 7498
5370 1711
2326 2032
7540 5858
8472 2484
2506 1943
4024 1386
7125 3056
5099 5683
1502 5652
7968 4359
4018 7311
5792 5076
626 5879
6600 3109
5774 4034
4538 2487
7315 5863
161 2872
8035 3170
4132 7200
9204 3196
5628 389
2795 1162
9193 6265
7322 9604
4898 9655
2072 7017
7980 5231
8704 7137
3614 6845
8829 5235
1906 3873
1620 9529
3069 410
3298 64
7859 660
8072 9348
7237 8036
3172 2156
8060 5601
1682 3090
1787 9398
5970 2710
576 9509
7756 9283
5915 238
6802 17
9682 8432
7220 9629
5716 4383
6154 8406
556 3879
413 1913
6969 4320
2007 7440
8460 978
4749 406
6705 3723
2425 750
546 8591
1165 2052
4184 63
6485 6196
5379 1197
7212 2299
5116 9167
1666 123
9097 4434
7228 4386
6369 8336
1900 4012
7585 2405
8083 2296
8382 5711
3156 1401
4667 1412
2011 4398
9757 8809
7982 7188
6941 5456
4387 2891
3406 1009
8210 2742
6321 924
3676 1175
6565 4893
7692 8938
6898 1985
7404 5952
5128 3081
3196 2223
5683 6237
303 4488
1858 2531
1942 6474
3816 1056
5697 5973
610 6333
242 6625
2107 206
7381 1440
6573 5135
302 7649
6600 1775
3665 550
3144 8194
6423 3609
9537 1282
2976 9706
3758 2998
9556 8668
9724 3333
5022 2561
6336 3436
9995 4963
2304 159
1823 8021
7760 381
6730 105
5627 391
1977 8947
981 818
6191 1549
1983 1322
6662 1116
4923 6617
5328 147
1584 1417
5939 119
8080 3558
8549 3780
1496 2456
1251 5742
6615 2127
1752 2937
7187 7472
6077 8749
2313 5360
236 4868
1971 2158
9385 7302
1631 8901
7075 1192
7821 2689
6183 3632
8457 9811
1990 7468
8538 4256
1304 5875
4746 8207
6225 4539
4920 3682
467 1245
5930 868
4068 7991
9958 3381
1634 2224
819 5538
5924 6609
8363 1096
5954 3458
2436 4409
2488 7715
5488 2048
9015 1676
8881 9394
6012 1670
2273 711
1045 9708
5745 9335
977 2636
7904 72
824 131
9007 2391
779 5112
1874 3300
9613 247
2873 819
9986 1809
5904 5040
6647 7313
868 1107
5826 3923
5895 5732
5099 1088
790 6321
5867 1661
969 8334
8531 8949
7834 7196
6625 9939
1290 2525
2911 2789
2208 535
6045 2638
387 8999
624 4475
2139 6168
922 6488
3938 5252
7915 7091
5217 5865
3112 7985
4120 8064
3260 3055
9598 2330
8989 9932
7210 5788
9600 7398
3537 9069
1695 3154
7201 7950
4298 5760
4781 6505
7100 1854
3290 1260
3407 331
2761 8344
4242 4591
2759 181
5978 8810
641 4809
6711 2298
2812 2825
2057 4065
2307 2735
2354 9141
1650 4172
718 8522
6003 9759
3472 3645
5111 9543
5182 8178
584 9846
257 2833
6556 6630
9046 1788
3500 4592
1944 8773
1702 9931
5121 1997
3552 3554
8446 4752
542 9274
9859 1023
5365 2674
2463 5549
6529 4139
6545 4447
9892 26
8235 4126
3920 7611
7286 8479
7527 744
1847 2229
7297 4427
7792 9620
8494 2657
3706 4201
3884 7583
321 9049
2011 9401
9808 1319
639 112
4959 9402
8086 7020
4106 8254
4763 7115
4148 2889
2730 5273
5196 2833
676 9120
5999 1805
9637 4113
5182 7305
5957 9988
1473 9294
1276 1501
6251 305
7578 9088
7584 5291
9382 5301
6037 2297
7732 7391
1079 2708
3164 6522
5775 4659
9961 6147
8132 2640
2911 1101
466 1177
2545 97
8538 440
2546 5173
4153 229
682 5408
2973 8042
3115 2285
8277 1703
4677 1710
920 7607
1846 5779
6217 770
2006 364
1210 8197
9363 6971
463 4063
9864 3613
1972 382
8627 1258
881 6105
327 7210
7676 8335
6511 7259
1152 1984
20 2673
3438 938
8609 8973
6929 903
2404 5954
4710 5460
9624 9715
6619 1509
3937 8960
3623 696
6376 771
9883 1319
88 9190
4104 530
1912 4152
2769 1484
5850 7296
5329 5268
5635 6672
8864 6552
5483 9821
5042 8933
2215 4734
9233 194
6758 1124
7804 4941
8841 9369
5152 3782
2279 8764
9894 8203
1247 7067
1773 6915
1295 226
218 5151
5764 6851
1820 3118
9843 2662
5541 4032
776 2068
838 1326
9053 7806
218 8663
3118 1812
3991 5310
9018 9906
1312 4146
4332 1981
5662 2286
1450 8831
6959 1586
1422 2127
7840 529
7284 1733
9239 8158
8531 3628
2820 7248
287 6041
6266 8317
2494 8571
7016 7782
90 2083
5389 367
8870 5046
6939 2739
2917 8736
7499 2021
2919 2524
577 2618
6645 4241
7793 5157
2127 7039
9874 7602
6964 1115
1043 2343
4306 9222
9851 3144
2319 4085
2245 5323
2151 7053
4188 7947
1030 2125
1779 5888
5688 2705
1465 4975
7199 9491
858 862
2262 6260
8937 7627
3252 9340
6573 1166
9314 3519
2505 8939
5728 7425
4465 6684
6581 666
6538 5951
2630 2205
3905 9068
7513 1974
8015 1562
5258 2274
6715 7554
8590 5428
1328 5395
358 5285
3504 6120
2326 5851
4457 8311
151 7406
7096 1340
5225 1495
9196 7621
525 441
4908 6655
1298 2580
9979 4705
5870 2871
6106 3959
9280 6087
6143 7346
3764 78
3253 6062
4342 5253
6804 1700
5850 3124
3810 2625
5195 1481
5146 9431
9027 9320
9980 2962
7835 339
1494 4030
2819 6426
3937 791
8692 1652
254 7216
6612 7566
3091 7992
3178 8163
8417 3450
7362 9165
744 5861
9795 1051
685 5148
6719 2355
9546 5982
4731 2314
1702 1991
5856 5266
4808 2440
770 8483
9382 4342
1855 8158
5522 6431
7305 5661
1480 2434
7959 6671
961 46
9145 4194
2652 9675
5387 4082
9885 8457
5788 3602
3062 2182
1775 1048
245 820
7345 6509
7022 3658
5644 6053
4443 6809
2012 6236
8721 354
9649 5042
1685 8934
1252 7849
6735 5214
8317 2828
5277 6812
8852 3314
4107 9954
7798 3683
5938 3218
2602 6906
9983 7397
1173 940
677 2080
6011 3016
8949 51
3175 1935
9837 9956
9245 6358
862 2332
7534 2409
1395 2224
2427 4131
8383 1795
958 4108
38 4442
3077 1649
5615 8928
2064 762
280 3338
7598 6536
8747 8894
787 1566
9264 6992
5836 3169
4578 8893
2102 3203
3606 4012
139 8908
5513 9793
4254 1514
9322 8515
5962 3963
120 8913
8982 5560
7933 9201
188 1973
779 8153
9003 6406
742 5906
7161 4676
5202 1129
8748 3839
1438 9015
5195 7910
1202 3332
3888 1654
5797 3143
8033 7872
4706 3617
1327 8094
8011 9196
9551 9142
8254 862
4776 7183
1975 4546
6171 9140
7831 8104
1242 1208
1348 523
8690 3273
3393 7396
5866 8535
8399 5245
3953 5878
3891 4905
1699 9379
1818 4834
4877 8036
2155 1187
9329 8419
7596 1672
3708 2235
9176 1714
4854 8755
5023 5503
6841 7308
4414 2569
6630 4422
7456 3725
740 9592
8277 7472
9738 9759
3123 9613
9407 518
5082 6130
5392 8423
9164 796
8498 1505
957 6687
825 8187
7 5675
984 4200
1601 9499
2426 5371
5761 1168
3296 5260
6240 6077
3819 2299
1549 7940
7037 8629
1876 2754
1659 8230
704 6342
6086 206
974 583
6363 9462
6309 9207
7575 1076
2835 4434
9934 8461
265 2140
8878 2075
2234 1082
8288 9391
7488 6207
6783 3513
8992 3722
8331 8198
2095 254
5440 5160
7572 6563
8483 9100
3631 715
2653 8633
2075 6455
7340 9029
4849 7658
7094 8332
8493 5678
1759 6147
7188 2790
12 9257
5126 7300
7112 4175
1217 5388
2344 1674
2406 617
7403 9111
5840 4031
2916 8814
3825 240
9866 8970
5855 722
5439 2504
560 8657
6048 7005
9362 2513
3213 1821
591 9047
8442 8570
110 9353
3237 8618
2140 1570
9305 5292
3725 4971
7410 4364
5902 7766
3170 5669
8253 5245
9299 4934
60 8875
13 6360
2417 1112
7994 4575
705 5659
5961 6511
4975 3435
9680 7809
591 8311
182 4469
7776 263
304 9274
9433 2146
7178 301
2243 9889
8104 8911
9160 788
1245 698
3386 1843
1083 5524
9639 8360
5884 2453
1707 8140
50 1238
8278 862
6458 4490
9872 1387
8118 8338
3322 3786
554 2299
2183 2536
247 4058
572 4452
7767 1996
4531 7179
1560 87
3798 2278
2093 6341
362 5954
3377 4466
105 9313
8829 1459
7125 9039
5259 2057
2554 1464
700 7655
6595 4744
5400 5712
4784 9987
180 3253
2279 502
3625 1086
3976 7069
2738 1910
6229 279
6581 1532
449 1047
9494 5271
808 4828
8489 8345
9888 4019
6519 2312
6463 59
6658 8313
6669 345
9516 1261
2747 7181
2133 5985
5972 7989
7476 8385
451 2033
3400 2813
837 7351
1087 6846
3584 7880
2454 1450
9700 3122
8418 7078
4161 1239
6703 940
570 1310
1079 5534
3449 4569
1525 1353
6130 8663
4698 7085
2172 5818
8224 4396
2269 6811
1582 5361
3349 1005
4155 8563
5839 6047
6 5482
7299 1958
8869 8386
2447 9803
6140 7678
7128 3696
8593 2238
9643 9
8766 6515
9160 2681
5030 5938
7362 8074
1084 6552
2160 3457
5712 1517
3768 2897
1931 9308
9340 6175
6077 1778
6037 4502
3013 2021
2384 4812
8017 2791
6710 1316
1078 43
1648 5654
1218 5575
971 3692
2272 8874
6232 6478
1597 9552
9495 9376
8041 9667
1749 5994
6367 2421
5619 7992
440 2220
8586 7380
9596 9037
3611 1937
3467 8220
4028 6985
8236 7778
9568 7977
1028 7344
4245 522
4169 3779
9572 1252
6455 3160
149 8271
2899 3490
1554 154
4206 9114
3724 79
5484 2711
2707 1286
7573 3694
386 2602
8188 9963
4633 9145
7502 5233
1808 2495
909 5486
8328 7125
4030 7411
1556 3542
6720 1106
1976 6467
6063 1176
2721 807
5719 1886
5829 2685
5468 1835
1740 417
8297 8652
6495 9940
7816 2374
5920 8516
1650 7834
1706 1195
3591 3835
8219 4327
1232 3261
3871 2474
6498 1294
190 1139
5462 7577
1961 1213
3496 7336
3265 7558
8140 3306
3257 4242
6824 1318
3277 1153
1342 6927
3427 3262
5000 2104
3776 2362
9417 2586
1998 4857
7505 9987
445 7403
6689 5441
5096 5853
9504 384
9833 7601
2413 5264
3568 459
3654 3946
3040 2190
7289 5204
7754 3191
1321 2916
1565 3063
7684 9121
1662 7591
2578 4960
9189 9607
7568 238
9769 2887
7309 9417
3245 3338
3700 500
4922 904
3404 2090
5759 2627
221 8050
9495 3676
9892 7988
4618 6598
2024 7548
1478 7483
1182 476
1823 6975
314 5207
3828 1426
2231 9435
4996 4009
1401 5166
2593 5183
5441 2445
1685 2680
4912 2721
2306 3014
1247 2834
7358 4048
6319 2720
6142 6943
4285 1824
6210 715
568 7156
1202 3414
5558 3695
5207 839
8339 7287
2397 5737
9564 8892
5223 1781
6795 6647
388 2334
2964 1222
3905 1243
4031 1368
8127 3978
4359 5316
6070 5715
3554 8607
6361 1931
5618 6477
1996 1498
9692 5063
3460 7839
5382 7406
479 3042
6422 1903
180 5594
8585 712
843 3232
6514 4858
3215 6660
9843 8287
3123 8847
2384 8413
8788 7353
3938 5852
4877 2875
218 8565
992 7895
8471 6684
8484 4327
3929 2431
8042 2356
391 1583
613 5976
3006 7502
505 5893
682 9097
482 3431
6986 1145
2344 120
6319 8149
290 8307
2566 5274
5209 4075
375 1981
9966 4412
108 2352
4271 2242
4933 3443
3654 186
2331 9949
9634 8181
5556 1596
8186 2004
3480 7705
3135 4576
4529 7951
4369 345
40 77
7941 8450
9677 9578
7046 9594
8102 425
3546 478
1965 6925
1798 253
8435 8559
6324 2861
7417 1725
8739 3548
4801 4709
3344 6825
1840 6403
180 3524
2759 9735
6030 387
5394 8474
4307 7079
3409 51
1091 5119
5509 917
6574 8091
3149 8795
1302 4867
2417 2615
3270 9033
1774 646
8467 1339
3028 2904
2179 3294
5964 3951
9628 4856
6351 9766
493 6061
2179 7573
7138 9821
8326 9794
3668 3755
656 761
4144 9200
8212 2255
906 5873
7575 3108
4545 959
6068 7879
52 2622
2784 1534
2197 9656
1802 7270
1277 4946
4612 2904
3536 5535
4680 29
1235 2052
7493 275
2203 6461
6729 1360
9399 702
500 8166
929 5819
5978 8
7649 8156
1465 1468
7747 5419
8043 8593
2026 5824
7102 1667
7141 4351
2035 813
8816 1472
3620 9487
8910 7312
3097 1664
6198 6598
9500 5461
7515 1657
3740 4530
2977 2991
2607 4608
6365 8377
7340 5136
5036 2766
5624 1359
887 8420
4894 7899
5653 5254
3044 7957
8241 8019
6716 8695
5678 8627
345 3112
7512 4271
1843 2173
6509 2209
1932 1987
8684 4826
3459 6554
6764 1827
1273 9652
1024 9958
6499 2526
681 7550
431 5422
4717 3212
2954 6238
9143 5532
3921 2808
4671 7831
8743 227
2876 4569
278 9276
342 9430
6137 760
6129 7209
266 553
8807 2317
3288 6959
6997 7264
2795 6257
6169 2053
1451 1869
362 8041
1773 1948
6056 9335
9935 1465
6406 6352
3607 6788
4134 4149
6615 2226
675 3399
8403 9319
7108 610
8742 22
1856 9748
7809 3944
973 2068
582 1419
8958 6097
7797 7037
4812 5849
1349 2458
51 4748
2997 9474
9553 2079
402 911
5946 8565
7676 9237
3808 9387
2309 8794
7746 6803
7193 440
6354 6387
1924 1745
5323 3326
2705 4755
9090 36
3183 796
7532 6166
9113 5231
7713 845
6213 567
3343 1787
1356 4844
2866 2193
2172 8612
8547 9443
3323 1275
4543 5433
1325 6262
5705 8103
6168 6421
5890 7392
9910 2327
1192 6230
6042 8290
269 6437
7030 8739
2265 5201
8909 7011
8787 941
789 8603
5068 669
9231 7689
1084 7998
1673 1107
8817 2484
1907 7995
7221 6245
6434 6692
7535 2549
4690 5828
6653 448
1807 5691
3505 6319
6613 9555
9385 5909
9350 8920
7812 4393
9228 7257
7601 2938
752 6208
298 7742
8762 5615
3938 3291
1930 7323
8298 3641
6615 9661
5146 4535
998 1014
4782 173
8637 2627
3022 4674
2248 7970
4211 4816
3819 3268
727 7477
1689 8052
2717 7131
6229 4518
7441 2522
9848 371
9376 2779
5730 3476
1803 416
3796 2557
744 2707
4269 2093
4138 413
915 7954
8626 1512
324 882
8709 6135
2510 3079
8336 4820
3388 123
6906 762
6834 8549
3593 2452
5531 1138
5992 3717
3664 6423
5735 4618
7916 8454
2179 6365
2750 9328
2344 1579
9487 7130
4804 1800
8277 9826
8045 2497
9975 5252
358 5971
8273 2824
7934 6058
5706 3918
394 1821
7268 2509
1028 280
3572 8552
5443 6905
9427 9107
813 3024
8868 1988
5579 192
8327 9549
732 2763
9773 7369
3596 3405
3821 725
1846 1751
7222 2193
8232 6015
2774 8967
2054 8822
8651 7707
1 939
3048 7027
1946 4142
1146 4538
3682 4327
2428 63
3907 2968
2759 5811
5732 1152
4638 5267
8937 6898
7241 9283
3274 9349
2623 508
6709 285
7386 342
774 8506
2758 2154
582 8607
2427 4033
9537 1126
7387 7441
7548 1378
2957 2858
6423 133
2315 491
9744 2547
2505 379
8136 1542
2455 4564
1514 3923
1897 8290
4921 9710
9205 6269
185 4842
93 9907
6881 2035
3213 8779
8559 3775
583 2661
4172 5170
8253 4229
1730 1729
2111 849
443 1306
2182 7897
988 6514
6656 8023
8450 4719
6237 7719
4987 487
4953 5160
2761 4104
4187 9428
5234 9625
2668 1245
9724 80
7053 2568
4823 6694
3043 5166
1130 6793
7684 2752
1043 2977
9558 3420
682 4837
1973 5870
7845 6862
2934 1272
4769 9979
3323 4068
3871 2071
4134 345
2669 9816
4816 5389
7575 601
7404 7978
7214 5147
9112 2404
1752 215
9780 5769
8711 8664
503 8346
5774 2807
2318 8826
6578 7910
5141 7332
6622 1776
9483 802
3145 2161
1921 827
1003 6898
2420 1340
6254 7416
9819 3915
5650 4350
2691 8231
5716 7632
185 1028
1023 5306
3735 3046
9635 671
131 5948
8101 318
3876 863
4599 4962
6407 5275
5818 7177
4897 9181
3586 1944
197 5373
9433 717
473 1374
2646 1541
8116 1892
9999 3327
8474 4869
8700 4944
7515 6595
2622 4024
4825 6185
1024 7205
1657 7220
1357 5015
2300 5604
6162 9907
9374 355
9493 1100
3198 5941
3767 255
4592 6097
3270 590
4639 8799
1846 4704
791 5282
3120 2902
7730 4296
9723 5169
8720 2335
4955 8738
4445 9354
3175 850
6910 1765
6383 3731
8828 1781
2190 2006
6948 8131
3868 8959
3758 2283
7687 6759
4957 6272
3300 6176
4806 2899
5776 5198
148 5619
9804 2051
6267 1047
2664 7147
2172 5226
3118 1594
4905 1685
499 6787
1258 3508
6218 5050
4174 4642
922 6284
5446 2086
9952 5054
8926 4338
3112 7539
8301 329
4328 8946
5056 4242
445 8471
3266 2922
1339 1353
4094 7550
8431 1260
9560 3225
7207 1928
4889 907
1252 5753
4729 9035
5103 7192
850 5599
6202 6970
435 3513
1112 7096
5986 1603
8415 5631
1494 8063
7917 8888
6947 1448
7961 6619
8167 2077
7883 4639
7253 6911
4463 6005
1248 7225
7702 3926
5386 1071
62 3866
845 474
2435 619
6586 5971
6245 6729
5201 6574
3884 9296
9136 2858
1609 5190
2127 1414
6223 1913
4971 6966
5186 712
481 9477
8095 1345
3534 2557
252 4203
8101 4773
4737 5621
2272 4826
2455 8239
8698 9250
7200 6887
3149 365
3512 3831
9687 2540
2666 8924
9635 4487
7526 3611
5573 7945
1857 1983
3110 6495
8413 4022
1201 6529
4155 7420
8044 3056
7806 6696
5035 4065
9986 9654
7665 5496
45 7765
8905 6088
3508 8370
7957 3066
7201 6804
2244 269
8724 4825
9817 1197
3960 497
3418 4119
8216 2250
9558 187
7441 4235
8762 8323
9593 342
5414 1652
9200 7815
8267 946
5814 3858
6232 936
7710 9692
1110 5112
2593 3608
4480 5152
5158 2565
9527 4174
2448 3862
2053 390
8744 3058
3168 7585
1997 5373
2546 9640
1210 4871
6070 9793
2503 979
4181 8201
8626 43
898 467
4287 210
275 1488
5277 298
274 2655
5468 2456
1426 5239
5180 3732
3045 1203
5639 5925
2029 7677
5153 2652
8274 8030
1727 1775
8340 5140
7303 1226
2466 1509
9862 4033
8266 3508
3671 3833
7905 5474
9426 1911
7621 3718
3524 6889
1921 4016
5886 1316
257 8618
3424 478
647 384
5799 4733
3133 9442
4404 8367
3708 5511
1231 924
9100 6389
236 4440
3405 7870
6797 5325
6774 6684
8328 5993
9292 4657
2266 1156
437 9960
6188 501
4925 7072
1189 3093
5336 666
3905 6036
9561 5233
8305 410
6851 7178
946 5153
2030 572
818 3313
4605 5169
2992 2876
1693 5549
1236 428
3664 3839
4159 7705
1579 7638
6836 3775
2380 5781
3095 7791
9857 4458
9620 4005
9637 5868
6787 138
9468 867
6123 1867
9185 4844
8693 3898
1629 4605
4483 7171
8923 5334
9664 2674
2586 1577
3065 2915
1283 9163
9805 1098
4235 3531
6177 5204
9003 7090
359 3629
1214 4300
4271 4499
9243 6022
7150 9323
340 3528
9551 7571
2014 5862
7272 3288
3122 4945
5438 5865
1411 9827
2411 3483
1073 5515
5902 8415
3309 117
3732 5457
3198 1902
3751 1170
3091 3654
6164 6711
5034 7815
6448 7027
9393 2550
7629 1331
939 4823
906 7193
2789 1430
5369 2540
7481 35
8118 2798
7107 8861
6132 8285
1154 4034
2745 8286
6929 2869
4077 3687
2727 5682
4879 5691
9867 1631
1929 348
1452 9315
581 5148
7793 5035
912 4228
6540 7738
7374 1193
6228 1873
6254 379
8483 9311
3599 1472
9309 3435
2547 1777
3634 7440
8707 1859
134 6744
212 7785
7119 7548
3576 2728
3918 9115
120 1803
5602 4761
9616 1192
9929 3417
4411 4530
1161 4606
8353 5568
3902 9759
1006 7039
6708 3354
8725 4115
2008 6170
7524 5620
6362 6907
2090 6614
1014 4013
6311 2425
755 3799
483 1299
7050 1327
3154 202
2827 583
3205 1863
2270 890
500 1127
2406 3015
2652 1955
1354 1132
9459 4195
6342 8567
9092 5471
6815 3018
4423 5014
6822 5805
2543 2002
9855 3608
9419 1387
6931 8929
6821 3627
2787 6051
1551 1299
2685 4272
672 4092
2996 9191
3225 9456
8491 1961
6172 4409
1410 5753
7167 6858
7364 5523
2525 237
1888 8447
2382 4909
119 9589
9257 582
22 6338
9063 7641
5476 460
1593 8452
8573 851
8268 1873
209 3081
4620 7758
7 4787
567 3613
214 3184
2388 461
2885 5898
4532 8728
544 6298
3031 1662
2590 257
178 307
210 4244
6688 2180
4847 5719
2886 8592
399 638
2652 6292
2933 96
1192 5463
6402 8349
5485 2504
4933 3425
7204 5333
7862 1049
2057 2253
9765 3718
3658 5047
7822 6543
4156 1637
6464 9116
3151 8516
3934 2673
2642 2773
5638 7991
6153 961
1232 529
9326 951
6937 3133
6743 5578
4929 9626
2711 6954
401 7273
502 3215
5217 6535
9125 9629
7657 5465
1213 6148
2726 2713
4968 6408
8688 497
4179 1489
8746 8565
1121 2371
3993 1766
8339 5920
4408 8835
2759 9580
9547 6115
3327 8994
803 4417
884 5414
3314 3831
9770 7130
1887 2543
3093 2853
5004 1509
3468 4032
1718 2320
3310 1475
8013 6243
9426 7344
2165 975
5203 397
763 76
9756 6632
4492 6951
3952 230
7907 3454
2061 1629
8033 3274
5714 2515
5394 2332
3838 2871
4429 7147
1419 3262
8796 8125
1820 4736
2798 4900
4434 4420
3801 4699
725 8745
4932 3617
8705 4535
3795 8213
4639 5413
6516 4275
8454 3948
250 8909
2881 3420
9895 2190
8978 3646
8496 843
9575 282
5180 491
1773 4809
765 6328
6019 2477
6738 3222
752 5232
8460 6628
7367 2618
6959 401
1097 5991
3387 1825
1499 8393
7100 7616
3674 522
4383 774
2829 1764
4151 8651
8235 5012
6110 2557
7660 1644
1567 7295
2628 8441
8964 4628
3421 4676
2187 301
3123 5628
2671 1840
3910 6100
2068 7386
7356 5465
4386 629
7798 9800
6054 3005
1764 3853
9413 1775
9290 1822
1507 6692
8261 6729
3028 2781
985 8620
9296 9183
941 7364
6620 1585
2106 7687
4022 947
1567 2037
3249 1601
5704 7836
5970 9272
4464 444
8138 857
6789 9724
2918 4988
6811 1882
723 1830
2628 7080
4118 4974
7886 3845
1643 1100
6925 2665
6459 1539
4779 5781
836 8450
1085 2154
484 8661
904 7578
9333 8545
7652 2124
9200 5087
8831 4899
7243 8856
389 2753
1221 2163
4223 5240
963 5067
6985 5074
8844 3428
5161 5921
434 8879
92 4633
2146 3404
9811 1725
702 8223
7151 5863
8648 2614
1800 8764
130 9418
5156 1167
3908 725
4374 8165
8462 5571
1445 89
4910 1900
5039 8129
9380 5232
5582 2753
5012 9524
6841 6878
6764 5148
1102 6150
2135 6985
2895 7373
4817 5413
1130 8987
6988 9965
5229 2917
7602 4879
8314 184
1596 499
3672 62
2898 7263
4794 8522
7412 8533
1811 710
8233 288
1402 3791
965 1407
8987 9375
1856 6145
3054 4635
6773 1906
604 4542
5273 1589
607 8966
109 9330
7241 8590
6868 9361
5512 5084
873 8504
9768 4571
7099 6482
490 6892
3482 113
8340 7096
1383 3861
6216 441
5543 2365
5705 1770
2409 7245
188 7339
3160 1217
1628 7034
1218 7793
528 8415
5658 2997
4385 7335
1547 5675
1350 9155
1230 2822
1682 4849
1422 7146
6449 6027
7082 950
8206 2543
602 8032
1161 9040
6662 1079
9640 7930
2068 8997
1483 7323
1840 2131
4564 1552
3809 5522
279 9886
2793 5815
8366 3395
652 4759
1200 6619
3909 2756
2707 6791
6566 4774
4783 3403
799 3789
8245 263
2353 9589
560 680
7155 7051
603 1760
2308 5552
6884 1220
2722 3628
8511 5476
9035 2868
7389 7504
50 9439
7966 8120
2132 5702
9013 5365
7259 3546
4108 7767
2898 2522
3256 5727
6378 1621
9725 638
2285 9932
4085 2588
8770 1820
5325 4749
2721 5051
785 5106
8263 912
2441 2124
5947 3688
3428 2694
3697 7271
820 2324
6879 924
5609 9766
255 9032
8851 3921
6869 239
2578 7328
8497 6976
17 2391
215 1218
3235 377
7277 2575
1515 842
2852 9014
8146 455
6507 1211
8901 6100
2592 8098
4205 2934
3800 732
1828 2723
1538 2689
9140 3303
5431 6703
5186 3257
9604 2529
1595 5404
2859 4691
7501 8298
4503 6597
3833 4846
3583 4335
5800 6641
8988 9221
1708 3736
7998 9194
2200 8443
4124 3673
1090 9513
1835 9633
360 8650
6866 8177
8801 2341
3979 1941
9638 9428
443 6000
1697 2133
4326 4939
8660 1778
9069 4108
8556 738
2569 5146
4904 625
8653 1456
6293 9486
1479 5424
7532 1860
8631 1370
8334 636
3875 3869
1326 6688
2570 6957
1792 4178
6872 6806
3249 3022
6489 9984
4039 2574
8737 5875
4570 797
7659 8941
8692 7886
4097 7522
85 5390
2812 6115
4217 6407
1756 2738
1198 678
666 1076
1952 143
8092 4744
6103 8335
2793 1480
2453 9011
9230 4158
5528 5239
2640 1977
7 9441
3698 4863
1099 5424
6281 2132
9323 7535
1102 4604
6508 2286
6868 142
7784 323
3596 123
9615 4892
1877 7869
1404 4344
2743 9330
6266 5607
1906 2747
806 1712
3026 176
582 130
2726 8247
1530 268
1361 6549
6978 3312
8432 5043
6513 2309
494 4260
8641 1853
4453 3063
7350 4007
9477 3448
4967 6614
8890 3612
6666 625
793 4445
5471 6891
8186 8994
2033 3686
7949 3906
9256 4772
502 9610
370 2063
1867 574
2195 4826
7424 8381
1754 6263
8368 664
1207 8346
4911 9875
6474 3869
7214 7981
2397 9542
2127 2477
8101 2470
6089 5805
1381 4131
5038 9548
4899 5608
603 7967
8991 5867
7279 2551
9393 3904
2624 2313
9794 8412
875 409
7966 8573
6778 1048
9385 8360
827 2513
7552 1362
4206 2398
6625 6371
4655 7968
1725 4568
7253 9135
7436 6248
5626 8943
1122 6394
8653 4595
9697 8101
1108 9798
1119 855
7173 3240
6922 8378
5687 2021
5977 708
9460 4861
9652 1854
9858 2623
3015 3399
6643 2263
4562 6457
6425 5562
5573 4957
7134 3663
1275 683
6755 1729
7524 741
7591 9634
9656 5540
1531 4098
584 914
3283 2625
4823 1226
7967 1441
8713 6621
5099 9327
2634 6199
4292 7827
7458 1953
4716 4997
2888 5880
4080 67
3781 8317
1496 6337
4699 542
7230 9248
822 758
307 6146
6193 6049
4190 1453
4843 9890
454 8862
843 4392
659 3024
9266 2574
2320 6796
1521 9858
7235 6083
2571 969
5551 8779
7788 529
9546 9846
2217 1846
2203 2441
9210 7097
8855 2635
742 3390
972 2125
9774 3637
7613 4153
9564 6540
4063 6589
1085 8003
5491 154
9885 7216
694 9576
9890 9091
5893 2909
6380 316
6613 4014
9019 9900
177 4068
3521 8442
4725 4163
9705 1287
9595 551
4697 243
1108 7392
3492 450
7706 5599
6723 8409
3827 6209
597 9038
7736 8396
2692 8975
7143 4392
458 897
3190 7776
9140 892
2985 3817
614 8372
8933 1730
9855 1836
7814 6012
3743 5478
6158 7611
2934 5966
6127 6110
270 2392
2731 5372
1083 7927
7210 896
2530 5743
6348 4886
8568 3261
1295 5414
9405 5142
4771 9073
5240 3373
2812 4745
2069 8889
7176 8790
1677 6902
1970 3270
9588 395
2582 3077
7560 7340
7893 9101
1160 4848
7692 6703
1620 7062
1168 9843
7140 1060
9676 9677
9900 1440
6239 5216
2862 162
512 6375
1120 1065
2771 2706
9999 733
2416 2622
8676 5750
82 5608
4742 9531
381 1939
3120 7709
8388 3479
1813 7573
8570 4205
657 987
8663 1769
2978 5225
5501 7783
1047 1135
5916 4921
1576 3080
4179 8063
4294 1757
5095 3576
291 3096
9929 8409
6741 7916
1939 2028
3879 7043
5955 6266
4881 9800
460 8075
666 4758
9369 9533
6251 5392
7523 2516
6853 787
3237 9793
7590 5097
4061 8886
7288 831
5270 6873
3930 5993
5077 8375
5187 6581
6992 6875
8788 5725
2437 527
1101 3121
1690 1090
2067 2180
2449 5274
2529 6422
1775 1148
6748 7266
1308 3978
2140 8936
9389 2732
2215 5854
9793 274
48 6979
9193 8921
6368 4980
7980 9308
9156 6658
7161 1021
5448 2676
2590 5076
7761 4537
2632 7335
1569 896
2668 9547
8183 5596
5926 3258
4133 1474
6816 965
4166 1013
2422 2700
2159 6612
5367 1163
9397 2625
5598 839
8352 1958
7505 9290
7567 8900
5466 6507
6860 8684
9941 7314
5681 8209
3641 8666
3835 2429
8378 1944
2941 675
9966 3147
4008 9733
2687 5556
7786 5799
4705 1160
3285 1331
9332 6307
7730 1423
3355 3151
6277 1692
9198 22
1827 3392
3646 5509
481 1127
2679 8497
1470 4405
9162 5374
5844 6287
1228 5742
9979 7402
9001 5543
1599 1540
637 8312
2659 7074
1732 7468
8485 5513
5248 6976
740 1442
2172 3282
2080 39
4959 6939
9008 7091
5234 3599
2138 6586
9317 8769
1327 9571
3663 6652
2420 5087
1029 2976
3688 8965
8381 3226
995 2412
4404 7431
6236 173
572 8890
8878 2775
3657 4604
4508 5605
1294 4979
5138 3774
1252 9943
4110 4731
1755 7328
8190 8382
7780 7300
4620 2192
3438 5440
6327 875
8943 9972
6292 5546
5318 8340
2741 239
8719 7084
8313 499
5574 8549
3173 8291
4527 2821
2000 3448
389 5051
1893 9591
3506 1003
644 1067
463 9927
8618 1600
9884 1439
5811 5506
8002 7817
6077 8933
6055 6533
5999 9846
5890 747
5113 1713
9215 294
8366 1044
101 1940
2591 788
8486 7598
2186 3583
7063 982
1475 1506
2513 9695
9393 2748
9800 913
6301 5426
1386 7820
7302 2628
5177 2653
5912 144
5820 5199
1806 6518
1011 3060
7126 8572
7274 4389
8293 2482
4272 9237
5658 4184
856 3628
5799 8111
2543 3091
2445 4654
8095 5148
3351 4278
9796 9988
8298 6360
6350 2475
4011 3621
6662 7043
5649 3446
3156 6935
7709 4190
2704 8270
1400 524
4903 3152
6252 7189
3184 9992
8549 1617
9376 8202
505 4981
7387 8648
8310 2130
4316 7008
7434 7019
4647 1000
4393 7676
925 1820
1643 9881
864 3527
7780 1477
8919 1968
3368 4789
1027 9127
7502 9684
1619 7697
2052 1368
1782 9168
5300 3124
9200 3014
389 8895
446 8379
7365 7429
6877 6653
7158 1645
2375 632
4422 1899
3136 6503
9459 9399
7728 5417
7199 6749
9954 903
9905 9286
3628 6724
9164 5079
7520 5734
9187 9577
195 2805
9117 3401
7739 66
2086 785
7679 1546
4262 8406
2057 2507
998 1491
63 3957
4384 1846
6547 580
3975 8265
6999 1134
3111 1028
6229 3128
5997 4145
4078 8078
3050 7424
49 1714
2884 3356
638 6709
781 8750
619 6756
2456 753
8232 6180
3578 6837
9534 513
2798 9816
13 2388
892 674
6550 2483
986 4127
8470 1565
338 1394
3541 2278
2934 1864
7469 2896
8002 747
9103 8747
8626 553
3714 1998
2612 3652
253 8278
7374 7434
1447 2350
2339 2712
3981 6576
178 3035
3796 1883
5471 4503
4992 3462
8087 9724
9508 9827
6030 7813
9915 4536
5067 9011
4182 2122
9862 9818
2614 9706
2864 5529
5197 7525
5060 2512
4448 1974
365 829
3904 1215
3481 2616
1610 7993
5580 5104
7675 9096
5512 6197
8039 3970
8731 7927
4124 1281
9785 2926
5427 1654
4123 3260
279 129
2744 7201
8153 9038
4196 8381
2226 7458
5479 3355
4874 6855
5119 8156
6313 4164
7640 2209
1661 2385
6266 8317
5916 2234
7380 8938
2842 7537
168 6235
5292 3177
6855 5042
9566 848
6782 9620
82 2076
7585 5481
7770 361
567 2712
9352 6978
2454 3298
467 6143
8481 414
9821 6221
959 3877
3908 724
2478 6510
9493 933
4935 4365
823 9811
7396 1080
8375 7780
4767 5051
9248 6007
2717 6284
3070 280
9467 1441
2883 8161
5879 3664
153 3588
3842 2135
248 9447
1157 5358
1722 3998
5074 1865
9406 1055
5004 2354
5899 850
5306 6487
2533 6152
2055 3904
4404 5294
5342 4212
1603 6850
3124 6732
182 4853
966 2632
1152 9121
4309 3265
1475 380
8671 5998
7689 1806
5504 3947
2100 7744
2489 1511
4049 5877
463 7052
9874 2349
6215 325
2523 4408
7345 1963
9997 5176
7810 5424
8482 7258
8663 2704
7832 2727
4903 4660
7858 9237
1720 41
7707 5091
5684 5745
4492 4053
5053 889
1119 9181
9839 3018
3045 1291
7061 6451
2038 4358
4863 3399
8999 1323
7874 4291
7761 9398
1792 4740
8063 7087
634 5110
9639 5862
7572 6575
6061 7809
4328 2557
437 8165
8973 1133
4840 1748
3256 8206
6632 9607
4228 6741
2039 3644
830 1699
581 9553
7908 7028
5193 114
4464 4537
7170 1502
1376 2520
6926 833
6488 5649
6938 1854
2457 1877
5547 8283
1075 2755
1997 2770
3017 6771
2906 3732
7812 3974
7965 833
6827 6845
4871 1334
1281 153
9154 4262
6400 4931
3989 9532
3893 8510
391 4671
2443 6986
8775 9959
9821 6537
5931 3104
4422 2103
103 428
3259 4918
5009 7214
3740 3415
9763 4788
9926 8544
2336 7636
6956 2458
8427 6875
4136 7626
148 8449
8860 9331
5172 5793
1262 746
1355 1736
2180 9722
1944 8060
6843 4777
3625 8383
1615 7723
2963 8307
2326 9973
1348 1456
3437 2116
4615 6853
664 4239
3449 9660
7716 1850
8586 9664
6863 4717
1845 5507
3338 3909
7171 283
9629 5785
844 3132
6732 4655
1840 749
5641 3920
406 2964
2314 9289
3971 4482
2157 8804
2653 2183
5561 310
9904 5405
3942 842
5025 4824
5488 2846
1569 705
2376 1085
4356 7663
5916 6397
2498 6455
3960 1849
4382 9573
2300 1121
3877 3036
1455 8224
2474 74
2261 8847
448 640
7822 6889
4710 3040
2303 6479
9658 5031
4 4108
8663 2814
9302 7963
2545 9099
5529 1672
2195 7805
6490 5892
455 6809
8327 8621
5510 958
5455 6125
1344 9552
7980 5378
1534 915
2462 3118
6389 1685
7130 3664
8926 2369
338 2739
8325 5073
1063 4981
1726 4356
220 4714
8559 3889
2237 2562
6714 939
4399 1945
4153 6277
8058 8045
1247 1080
3493 6677
2060 114
8065 3312
2657 3681
3016 1404
2149 7329
2663 8120
2135 3330
4906 1532
86 621
9575 1831
3389 7992
590 8937
7474 9816
1391 3074
258 807
3469 3899
1861 6327
8513 8596
2488 9813
4641 5773
602 7073
2131 3881
6006 3470
5277 352
7363 9909
8127 196
3497 4734
4371 9798
3109 6353
1011 5098
4558 313
1004 8824
8025 4587
3874 8740
3402 8471
293 4960
1772 6540
8194 4273
8275 5392
6604 6319
6992 4608
908 5105
4580 8420
1095 57
7129 1399
8575 731
5261 1686
797 9396
4288 7415
9245 9416
8272 1996
6666 908
4179 1752
9276 4982
8998 9889
7471 1874
7075 6902
2327 3222
2071 3715
496 3608
4341 8723
3738 270
1365 8886
9781 5319
7586 1123
3881 8280
5091 4606
5466 6697
6151 4222
2426 9217
7814 2393
4239 2287
1685 1
9254 3195
6522 5459
9016 4412
1058 5884
7549 1532
8688 6047
2046 201
1894 5814
6735 2204
4200 6229
8940 7167
1983 4789
5459 8331
7788 8511
4883 8432
3630 8134
9955 121
5301 7595
7479 9262
4024 5931
7982 3243
6468 7484
8383 4946
4389 4312
917 4509
1066 361
8185 1062
4708 4245
2047 1194
8800 188
9619 6779
9990 8256
2390 2774
1968 1475
4483 7781
5326 8472
2711 3349
6297 3843
6737 3290
6520 8770
6470 497
9040 8976
9303 4422
6094 2712
5559 7592
1386 7847
7512 3866
3812 9413
1446 7451
9666 1397
9174 728
1950 1370
799 9008
2121 1484
4522 105
8468 6828
3127 3617
8289 7621
17 1656
9413 1332
1826 2060
5665 2713
5401 1828
2417 3373
1707 1361
1125 7990
6775 625
7918 746
9311 3830
5771 3105
8004 2023
3620 9917
322 374
9638 318
7516 1698
9441 3969
8072 45
2414 7257
6206 2864
6326 8465
1917 3694
5263 4833
287 1127
8759 9279
1166 8942
8662 4343
3991 2349
7935 494
6110 5414
1799 7428
3378 157
4154 6584
1218 4517
1994 288
624 7544
329 8505
7749 2860
2281 4604
8789 5954
3201 7906
1748 848
2867 5481
5370 3377
5036 6503
3779 5371
300 6718
6954 4402
1335 7857
2343 2123
9883 790
5430 6499
722 6636
7338 945
8570 2927
1905 7194
4244 5818
6138 804
42 1436
7269 1308
5588 5215
3546 3324
1325 8900
2604 2935
9201 7491
4991 5959
9449 6850
7944 3193
4235 5955
7444 4791
7340 7299
9804 1463
6391 8768
807 2049
2499 1771
9200 5175
3455 9390
4249 1568
641 1024
1841 1558
240 4518
4098 1105
3646 5036
8798 6690
7402 8885
7291 4917
2453 2624
8732 2049
4580 763
1923 1505
2133 6220
2916 1304
2309 5581
2731 7153
4673 3080
112 1669
5676 7924
9833 1857
6080 5486
9169 8886
9961 6107
3032 3826
7358 1213
5484 8464
6321 1300
5350 2540
3193 6391
9015 4393
3486 8596
7221 2502
9429 6932
2785 270
5468 6018
987 3423
2713 1277
3544 7277
8686 9324
515 7704
3391 4482
4625 9660
9559 1971
1113 6040
3352 1301
5876 1969
8129 4266
2881 327
8805 4621
7469 7191
1082 2603
6049 1299
1855 7364
6956 6656
785 1265
4210 4718
7008 9561
9573 9117
974 4319
6163 8270
9863 7374
7952 4391
7815 4984
4566 7020
9049 7290
2314 5098
2716 5269
3201 9125
9707 8873
515 181
7740 2914
6591 2252
4248 2679
4287 5915
7053 1985
7149 5782
2337 5673
7477 4853
3928 3093
4061 5421
4296 9029
7091 9486
6539 2632
4790 2525
4820 5572
343 3845
2534 1814
8753 1370
4577 7479
503 4735
4718 5792
4877 8808
8269 9135
2762 2146
1052 5802
4541 3122
1035 5795
1037 5915
8527 4333
5621 6340
868 1870
4176 6473
6886 998
1489 656
1505 5007
6038 7551
2391 1429
2621 4029
274 6407
9896 2358
2507 7502
7182 8627
8107 958
7778 3849
2319 8268
1896 7392
6641 4047
4756 2487
8485 7289
8053 4070
1969 951
2019 7477
1 4535
2277 7339
3321 2474
3814 5481
3116 1914
1784 2424
2237 5294
5945 4512
1365 3356
6742 651
8820 6862
909 3609
6523 8536
327 8629
5257 8408
118 4919
6212 7311
971 9388
266 2496
7228 3267
1977 3782
5076 4217
8044 1451
7483 7496
2311 7846
2983 1371
901 5876
9235 2693
4463 842
2655 6723
3008 5114
2552 5887
1191 5749
9993 8966
3549 6272
6162 1372
1384 6105
9017 2927
6959 9483
7647 761
542 7169
5908 2954
2572 2360
2412 9893
1739 6872
3539 8265
4752 676
4848 4756
1076 8560
4791 9619
6266 3778
4417 2748
2370 140
1423 1152
1069 9625
2237 4027
1250 8854
6660 6318
2032 2227
6434 960
3749 4778
3950 6848
2367 415
8614 429
737 1016
3275 4106
3864 4095
4640 5948
5775 6470
879 6245
2047 1211
3133 919
4523 5916
1615 6065
1979 6028
2300 14
2934 3735
9013 8046
86 8754
7699 180
4855 6646
287 8866
4145 9247
24 9586
102 8400
9056 9239
4989 3754
9992 7891
256 5164
1309 474
851 8956
5395 5702
4934 9479
5250 8349
2797 7526
333 4112
5774 2770
2058 5093
2795 361
4303 647
896 257
5626 381
1807 4173
8549 5928
7082 1662
3207 8113
3281 843
574 5042
9661 467
7179 4531
7740 434
9759 5161
110 7731
7285 7658
7855 8742
1759 6180
2438 8466
1654 1902
2301 1260
9548 7151
2370 1497
7237 5694
9021 4464
1541 7881
5763 4483
7947 1514
4506 6895
2526 4631
8750 8130
8823 7881
2484 334
2752 8831
2206 3867
5131 9716
5854 3985
5350 6510
9454 4549
1949 4681
4638 1700
2544 9667
623 2030
391 6201
577 2661
5732 8354
3016 1591
9224 4602
4964 8487
8184 4082
7488 2163
6513 8950
5275 418
6090 1791
5942 1724
8361 7450
7358 4606
1144 3144
7594 2941
9817 4712
5783 891
2552 530
1266 6761
7968 4805
1461 1196
9505 7476
1542 1779
417 6715
2956 1575
2448 841
8180 9411
7184 3897
9523 7111
8212 2193
9836 9768
7384 2382
5077 458
6707 959
597 8848
1464 226
7728 1091
4243 2924
823 4930
2850 6573
3641 345
8417 7107
1246 565
7754 7598
3062 550
2397 756
941 4390
5021 997
8530 1033
2459 6737
1305 3014
279 6281
4637 981
7700 7172
1594 4857
7820 8531
5498 9791
1300 2407
8957 6392
4640 1345
559 6436
8426 74
6005 1407
511 1556
1336 769
7386 6097
3493 6512
4678 5907
3716 2777
1262 4259
552 8591
7959 1813
742 2083
1713 5852
9401 9124
6569 4378
4182 5384
1571 8059
1627 1980
1334 4275
3805 9689
5144 1797
467 2088
4620 7414
541 4104
4088 2129
4201 5885
8364 7627
2246 5098
8048 9386
3866 4786
9198 5154
3986 956
416 4384
5913 5525
202 3050
8602 6922
1627 503
4265 742
4225 9403
9647 6153
4187 3254
9476 3050
8290 3630
5235 286
4778 3321
7912 7658
5109 6879
5148 5813
6858 9855
2933 5249
8452 9298
6279 7308
7117 3405
3968 34
4541 1387
4083 8597
4574 8474
4819 191
6690 1156
2818 7575
6918 8033
5834 3043
6584 907
5196 29
7800 9810
5496 9849
4347 5345
9740 326
6902 65
9088 8547
3545 7628
5857 7443
4345 5925
5708 5668
3906 9062
3230 461
2797 6730
666 7270
7295 572
9546 6620
1762 719
3449 7349
8616 2736
4241 1792
6812 7337
3409 7585
8908 536
1025 8876
3140 7647
8056 3328
5516 4348
1518 918
4054 988
6942 7690
6144 6732
430 7705
2273 4656
7074 5723
3377 7767
5693 8772
8761 5983
2218 549
2462 2805
9067 6488
6680 208
2047 3580
8488 1535
6153 29
7337 6911
7935 2680
3429 2849
6272 45
1707 5452
921 5046
5984 4879
2362 1895
7973 1290
4004 3559
5735 8045
6278 5742
5692 3008
6601 623
2252 8821
7960 744
910 4507
2884 1639
9142 2677
2311 576
219 3611
1047 876
5181 3262
4862 9204
7446 4145
7063 9294
7184 1847
2379 2279
2520 9352
9374 4146
4866 3624
115 1728
814 1081
5303 7760
201 6415
8908 873
1270 4164
6708 7030
3870 4094
1698 1681
3494 1038
123 5923
2193 6251
1138 842
8981 4302
9525 4860
9618 2574
914 748
6400 6767
206 9723
4920 7943
7079 7152
6102 513
6968 3883
189 9462
957 2182
1276 1288
8952 5405
304 2512
6979 1888
4042 1291
7719 7270
3954 1521
3773 5748
4796 71
8578 7231
2378 3125
1888 5806
7570 3353
1323 7300
3666 3437
1385 8204
8193 4279
9750 725
759 8336
2214 4976
6144 6584
7820 4136
2252 9992
9995 3778
1979 4023
7371 9316
1976 7041
7359 2331
771 4516
772 2472
755 6541
4076 1883
7724 7763
5756 5890
2493 6178
1507 7075
2573 2043
7964 2009
8584 2266
3237 4828
4468 5561
3345 4964
3881 1219
6027 5166
2416 5898
3356 1776
3146 4045
5247 5530
9429 9556
8947 5933
1371 6638
6337 2561
3931 2366
7790 8465
1180 3537
9507 762
3791 8915
3692 2485
2421 6403
9389 4624
1457 2228
4779 5219
8382 9365
6234 6097
7876 307
7267 6910
1879 604
4377 7681
8593 9544
140 9338
5202 9284
9933 3621
5861 1151
2643 8447
548 9785
5757 5656
1230 1064
553 9994
6472 3436
7957 5178
6482 1798
5700 3132
6508 7109
2883 8859
5480 9473
4892 1481
2737 363
6299 7316
8829 468
4863 7675
9215 3309
8563 3391
1776 5567
9390 2621
7119 3644
1991 1770
6438 4806
2429 2704
9135 9935
1463 7161
5127 9808
7895 2777
1106 5150
7204 3169
6927 4058
4824 6016
765 9831
9127 7597
286 1729
4273 5107
4187 1053
5034 9516
5016 6779
4376 4753
570 9315
380 1056
310 2111
3733 7664
715 5701
1905 7137
7699 8553
198 8647
7238 1424
1120 9913
6192 5607
6924 3252
8468 8709
6132 6694
7265 5230
2731 9432
4084 1930
9484 891
2654 8005
1262 3302
9975 3288
2011 2590
6466 5112
2929 7928
7603 7678
3336 2155
5007 1623
5029 3882
7683 8877
3918 1760
1544 4965
7423 5148
4341 6442
3741 9952
1557 9178
9769 644
1451 1167
8711 304
7395 7729
8160 1082
4987 3563
9685 3549
5554 4267
549 2075
9247 269
3216 7811
2293 1930
7116 4102
5702 7965
6008 5095
9734 150
8352 4434
7409 6275
9392 5695
9663 5996
5308 5286
2214 4333
6432 5188
7201 6393
1411 2239
7505 813
2897 9815
1729 2131
1978 9518
9454 825
1493 4425
3206 9345
2073 439
8736 4762
5485 6049
1293 5103
2525 4275
1805 3390
496 5579
9861 8155
9817 5967
959 422
5259 147
8147 4410
5376 107
3813 8568
7755 2382
1311 4180
1965 7148
1552 4765
9077 1601
5317 307
9467 2810
7671 8884
5615 631
6757 2536
1165 6946
7811 2686
6644 4128
4851 3206
7719 6677
3924 1184
5780 8045
1160 8741
3331 5144
1674 869
4609 4453
3615 2464
4526 6674
6188 5417
6179 8131
7193 6424
664 4353
421 7647
9589 6181
3994 5791
8152 7222
1858 5115
598 3438
5945 8877
2981 7732
773 1336
1641 1350
8612 5263
2061 7140
7893 9572
8933 6037
5482 5698
8418 1156
3611 95
3446 2603
1039 9501
1784 1827
9383 1552
5130 2459
2171 1573
921 4775
5753 1952
2085 9211
3275 2454
706 2040
249 8845
5741 6949
4782 144
9875 1346
6367 8504
8223 8169
6458 39
5234 6071
2427 8135
2952 6410
4117 3875
1432 1626
447 2180
8509 6828
1116 8926
7827 229
7648 8252
819 8108
8800 9609
8147 9940
4601 3328
743 1224
9571 3175
6621 6552
6615 3416
7224 8467
2143 8432
7530 197
8382 5163
3064 403
1728 4096
6761 6052
6946 952
9039 6930
6245 6773
3385 4673
1151 1473
8488 3056
7475 277
32 3662
1730 6235
3457 1983
1618 725
967 655
8942 1567
5791 6309
5246 5746
7884 3180
6392 395
2088 9934
215 9916
4478 8146
5787 9058
1288 2360
3345 5543
3828 6050
21 3576
7821 7717
2293 9065
2231 1424
2280 5735
6314 7261
2350 7262
4771 774
3929 5405
5079 3817
8813 7383
3514 5678
7972 8651
6864 4169
902 6006
5105 6156
2359 9943
3298 8303
8928 1827
8849 7490
7170 1227
4913 1681
9801 2091
5272 9017
1662 7860
9941 2683
687 348
2389 846
1331 2036
5287 9226
4408 1530
4159 1907
2080 7984
9065 1010
4060 1293
6015 9322
4855 8051
4220 9865
4902 3745
433 9118
4158 2249
6487 2506
566 1124
663 6554
9183 2981
8983 148
1442 4811
1094 559
2216 635
8345 6056
9072 1502
5959 3955
7964 5431
9218 6750
2733 9639
8343 3308
145 6116
9656 6673
3721 9319
3239 1193
1776 1702
1030 6958
2889 6914
6445 2090
2728 8977
2252 2761
8660 2094
2417 1139
8827 4575
2780 4680
7222 6183
290 380
2511 7918
9503 8742
8737 4606
9918 1412
3518 9327
1326 4321
183 8965
5021 265
2199 8840
9784 620
2528 6613
5095 2722
2235 371
2899 638
2842 9224
4601 9078
6609 2557
1203 1378
4740 559
4773 3186
8514 40
421 4309
8067 2158
5902 9879
4445 9737
9527 1002
1997 7595
5200 505
1605 2459
9916 9017
1840 3602
2806 7473
4718 6922
9517 4652
6940 2516
8913 7980
7795 633
1219 865
1829 3283
5832 2282
211 3165
719 8219
626 8712
9907 5616
2815 8623
6530 1616
2545 5293
703 1894
510 7118
9861 1580
5553 4179
1117 5513
2090 954
1746 877
2838 270
4131 8778
1632 2602
9417 150
824 6468
7897 4670
5907 6936
6092 2108
6596 5873
7293 9692
122 5696
3 1516
2409 390
2736 2066
3517 1764
7912 339
236 2805
550 0
8844 6906
5100 5923
5542 2967
2122 8075
3385 3612
4305 4341
3409 4215
8616 2012
6617 4423
62 6754
8814 4980
17 4943
3894 269
5215 5416
9250 8946
9115 2068
7840 756
6834 1004
8276 7609
1502 7265
9143 9620
1994 6802
1248 4789
9448 5485
9987 1517
3584 1462
3223 5685
1785 6935
7501 2895
4269 6919
109 2348
2584 429
4307 1440
8801 5494
8602 5395
3692 9158
6775 2377
9567 9851
618 4900
7764 536
4385 9945
8159 7217
3565 304
64 4626
7240 3584
6347 293
7431 9499
2454 3252
9165 3765
306 2443
1105 2459
5086 2
4033 8514
856 4026
6406 221
5813 8613
3657 3587
2036 235
9383 9471
8382 8394
8481 1658
6768 8397
2535 4183
1724 9728
9191 1757
5773 6771
4752 3930
6346 4302
3899 3878
6509 4500
5740 3718
115 4955
8582 8306
3046 6907
2461 6649
9002 6868
752 1188
7046 8725
3894 4088
9364 5610
6391 3119
1978 806
5215 1609
4105 2049
7983 7999
7829 6628
1829 3961
7622 7523
6861 6416
2447 2729
8967 3670
5694 6939
6043 8229
8275 8949
4987 8662
1380 4906
6936 4771
6352 5979
5319 4591
6499 2565
7588 5156
5705 4863
8424 2348
2326 6372
5896 2212
8310 3375
7310 2430
960 9284
7740 2519
1136 8615
7070 1257
1445 9879
3919 2849
3144 2202
7359 4803
399 655
3715 3308
8913 1072
5357 8649
1419 1511
4478 6438
3826 4690
1977 4890
6041 8378
8922 7473
2501 1904
3015 2521
8575 9353
134 5473
7259 5724
5247 2543
1415 9385
4291 2401
1349 7293
237 4391
9132 2275
6632 9055
5612 8861
769 1376
913 6947
9598 6795
522 3179
3471 8702
6682 4873
9764 1675
5950 201
7904 2634
9425 1147
8636 6058
9261 206
9519 541
2898 721
2236 3701
1564 8246
2029 2281
2592 3207
6703 5101
2310 1437
9629 8881
9486 7311
2225 8008
8828 2232
3097 3803
4742 6588
1303 2655
4016 5596
9131 4293
4421 1000
1940 8769
5769 5381
1877 3597
2989 7472
6869 6223
6259 7553
5993 2200
6674 5794
5558 9166
6156 1986
9138 2076
254 9077
5466 4248
4871 4959
2154 2278
1373 9985
2248 9099
1901 4675
8049 6917
2129 2771
8120 441
4183 2573
380 1708
3903 7707
3034 134
549 2574
9347 6308
6513 4078
2304 4878
3435 1662
1138 2888
5698 5572
4894 5980
5982 5176
6058 3895
4932 5930
945 2787
251 4953
3917 2214
3869 4225
2086 1273
1440 53
8661 3723
1110 2542
1614 2263
897 946
3022 5651
5307 2216
3008 2682
1925 3339
9191 6253
590 2029
9991 1973
983 5022
5508 4124
5236 4781
1536 3229
7221 1279
9791 8841
7606 9213
126 6108
4644 994
4211 7391
6850 4326
9414 8927
1530 5797
9584 9614
5335 9940
9603 3160
786 516
138 1752
2636 2599
8210 7564
332 1587
8762 1782
1065 1557
9799 5333
6107 1863
2731 532
1245 1173
1094 881
6181 5517
7150 1361
295 2326
1051 9026
9190 6578
566 5633
508 1926
7555 7821
1101 2649
2140 1035
8055 9131
1217 2539
7373 1017
4381 5866
5380 4750
266 9466
2381 1180
7879 7248
1941 1803
2537 7628
5305 225
1168 5742
958 8035
7484 3991
4975 4618
9808 2382
8344 6986
7429 5076
115 7791
1041 8714
4881 841
538 3745
4524 569
8310 1394
4410 8620
3653 7311
1668 1416
8561 6585
5896 1685
7300 8052
2524 8446
2187 4440
8740 1191
2874 3978
9429 7233
9600 5530
2411 717
9676 302
6584 1645
2752 5215
8878 7441
1989 7329
2095 9216
5440 8265
7667 197
8771 2891
3898 3564
8551 6962
2018 6077
7224 2259
4459 7961
8561 67
1065 2210
7914 2168
3194 9776
4367 2958
2489 2257
3763 8924
2130 96
5045 3718
8422 9146
7826 6148
2674 8509
3179 4226
9691 2530
1544 6617
5005 4300
8668 7214
5444 4177
2411 6057
8570 6665
4090 4473
3890 853
4887 9783
5828 705
6696 1480
747 669
88 4679
2011 9224
895 8882
7543 2462
3825 5731
8754 9685
2282 6385
7188 3730
1720 3432
4815 2497
8938 7975
7699 964
967 9577
3439 6795
7490 151
4264 9621
8109 1788
7423 9062
8140 6408
4558 506
4523 4728
211 489
4002 5366
1137 9004
2392 2205
9155 1023
3702 3441
5570 5191
1773 1660
4793 7061
602 3931
1799 7419
8601 4459
5076 3247
6361 5118
6760 622
8254 3490
1768 2195
2812 7540
866 1928
4067 9504
8396 7244
9254 4749
2360 8853
1232 8599
4843 2072
9753 2620
445 967
7973 7196
3491 9946
7550 6154
3372 7793
1027 40
6473 457
9937 3586
1457 5453
9921 3370
3 4191
4242 5844
4429 5527
1273 7714
3660 9803
6438 3315
6037 9264
9560 8183
772 6432
2547 6262
5123 9724
6850 7154
1422 2803
2680 2554
2260 5252
3451 2129
6560 6145
6163 3502
6872 5349
9679 7237
6438 103
1001 1478
374 5727
3627 9284
8447 152
9969 5017
4245 678
8353 6824
4366 9706
6121 6323
5828 1861
8920 2254
7467 6489
7520 7332
9059 9478
6698 4616
3487 5763
7098 5406
5063 1403
7364 2651
4860 427
8976 2059
4474 8712
634 7490
8178 742
6957 6837
3449 231
9216 7737
2779 480
6897 2540
6324 7331
9506 2051
4705 8680
626 3460
6610 4525
4893 5813
1778 9520
7574 2628
2746 138
2948 4040
851 2894
6890 1640
6218 2946
9692 3483
441 9086
3423 1631
9972 9347
2208 9886
3410 3694
9096 5134
4093 5420
7262 3816
2250 8800
1549 7564
7500 6755
1479 3346
9958 3323
939 3876
129 2543
9859 9146
2445 2378
2305 3782
1115 6991
3067 8754
2506 4748
7796 4454
2560 7137
7981 5390
1052 7042
7228 539
4218 9691
4876 8729
3734 1060
4661 9521
6516 8118
8925 2528
9743 5069
6527 7160
8529 5518
2812 7429
19 8730
8095 3810
261 6516
6420 4013
1472 431
4252 2521
8810 8331
410 2723
2762 2546
9698 1847
4380 1486
7491 4483
4567 4814
9618 1068
797 8441
6329 2208
6323 8866
9136 8428
2483 4188
2715 1311
5758 2559
8339 1150
1461 315
7818 7081
2745 6093
8233 8030
6993 6560
1388 1245
2573 1142
3953 4876
9705 295
5436 7532
9684 4089
607 6363
3249 6273
2856 6427
7437 8889
2987 290
3858 7074
3762 4
1740 188
2994 9775
6363 9972
7840 6565
9000 5452
2452 6319
1307 6641
1645 2591
6252 2442
3812 8503
2552 5452
5301 4952
3462 2294
5004 3246
891 8297
1836 8906
5691 3495
2790 4384
6001 4913
3768 7875
6977 2089
276 429
7628 4063
7858 8563
8996 2138
5064 8567
7424 9893
5433 6160
5905 3053
1740 5080
1718 7464
2560 421
2894 1016
6972 4762
925 63
3019 1822
1984 37
2503 3373
2196 2936
2213 7534
8771 8804
1219 8645
5329 4323
8333 1306
6422 8855
9397 1994
4237 9078
3380 396
6765 692
2668 6646
6581 7895
6369 1504
157 151
920 3081
42 9125
4237 3578
7091 4398
2443 888
770 8959
7704 3630
1789 6491
9183 7482
7846 5899
8674 8358
8607 2342
3087 1370
8226 1905
1522 2000
1680 3464
3388 4152
9400 5053
387 9982
9514 9360
522 4744
1452 7809
2482 7284
9438 5698
5616 6178
7913 4480
2513 5821
2077 3187
4748 4800
7083 6612
3111 374
7392 2879
9389 5715
5540 8633
2350 6481
5025 468
3943 6334
2120 5904
8531 1172
3616 852
9298 7240
4080 9629
362 6280
415 7862
4715 6702
3114 7561
2695 9066
8790 1477
5106 2496
2471 1569
7670 2029
2192 4671
2810 3536
716 9300
5876 7878
1996 968
5837 8198
1953 7177
148 6911
285 5637
3365 6910
7781 1319
1531 3572
8650 4209
1107 2056
4633 6588
6356 2025
7471 3563
540 2599
6688 2311
8700 4738
6298 6934
2455 2179
5878 9517
9495 1338
7935 3192
1617 5319
1286 2711
5034 301
8708 6204
5737 7555
1809 210
8111 6621
9669 8912
1092 5371
3758 5806
6420 1
4434 2584
4154 9607
4469 8992
4651 705
4732 9080
3703 193
2563 353
8316 2107
1980 4462
7883 7754
8681 1676
6799 9649
2716 1590
3435 997
1612 6147
2611 3897
8363 6387
3709 9273
5079 43
4329 1532
9933 9261
7168 7092
9284 1116
649 6599
7673 6158
2514 5939
9735 2322
444 8621
5658 5412
8151 6987
5908 3486
2241 5875
703 1458
2745 35
1027 5366
4168 627
2379 2638
4563 2712
3395 1200
3770 5066
1813 340
2372 9303
5428 3435
5071 1337
5432 530
3602 3686
9340 6231
2742 4600
1956 11
661 9116
7139 376
6737 5710
1563 1684
2824 1045
2807 3990
8038 8010
1078 6233
9051 9567
2184 2864
9791 3742
8558 2809
4228 1503
7805 6581
1243 2414
6675 5510
169 3804
9741 2585
1531 6485
3800 4582
1127 1683
9703 7734
9045 7921
8965 2165
6383 9586
3467 2248
1716 3762
6675 2753
2243 1981
1470 7760
9031 6415
5604 2220
61 1452
1130 4994
2206 1873
8825 1389
4729 9818
6700 7863
6544 965
2393 2175
7046 9511
8708 5948
6583 1310
9313 7201
409 8423
6473 1249
1554 7377
6302 117
6906 546
642 8859
418 4472
3189 2337
2197 706
3454 4674
4446 5296
7868 3872
9802 5096
3309 4884
8127 7211
8350 1474
333 5271
3220 2320
3956 5294
4219 1048
583 6871
8045 4763
8144 1635
4101 3993
2643 2435
1124 8415
1895 5513
7012 6112
2882 7692
9708 3767
5941 7039
787 9995
1400 2564
8088 7268
1078 2141
9921 4269
1517 1811
7378 3243
895 7163
1121 1405
2956 1462
1304 3125
6660 2663
6570 8550
1671 1483
6314 29
4847 52
8744 1829
6305 406
8957 7878
4688 3574
6329 910
3442 9583
1419 6931
39 5767
6161 3191
1639 1537
5392 2172
8971 2548
1174 6554
3792 717
271 432
3831 3024
2229 8983
8288 8965
2443 2493
7944 7232
4251 5040
6176 7233
7214 1177
9409 2446
1789 6444
2205 4782
757 3341
3223 1879
2272 7365
181 2473
226 7221
8804 8109
5297 2570
6670 6777
3897 482
9240 4437
4079 2606
7311 179
2244 7896
9764 5882
156 1831
4244 6147
735 2048
3501 2120
4736 8399
7854 7738
797 903
9839 4978
966 1110
8545 5210
2945 6700
5591 1260
9628 1422
4981 1131
3797 4486
6024 8434
8535 2957
7894 650
2934 6428
823 1183
5789 3407
1604 6485
3638 4075
2239 9751
6298 3298
4324 5696
2409 5332
6478 221
8764 5016
6172 8403
9592 2140
2805 4445
9318 841
3834 8905
930 2874
364 660
2241 4622
2302 9827
3606 9292
2700 4995
9014 6935
492 8035
6618 6050
1075 7521
2773 6021
2876 5905
4391 3073
4420 3013
2785 1137
6057 4362
5338 7105
4229 9663
8786 3379
1365 4476
7061 2896
4847 5264
6417 2764
1315 2091
4172 9549
9953 1342
2528 1709
3163 4847
1688 526
6572 1377
1568 8605
1866 6068
7207 7562
9752 5449
8008 2887
751 4440
1866 7791
1999 8789
3701 634
1600 561
9638 4782
3373 4621
6789 2295
8419 7572
5412 1530
4662 8761
650 950
1877 5903
1857 9245
2895 2792
2077 2066
5735 2096
1855 9603
1636 5786
3944 568
5003 4507
6322 28
1297 5670
3899 7100
7803 3720
4835 5838
3785 6373
2904 3284
7251 5810
6112 2641
9314 149
3816 1707
7666 2650
5130 513
934 5687
7044 9999
2957 2290
9030 9056
5076 322
2859 2851
9324 1299
4125 2529
3197 1870
3555 2590
9691 3335
9996 7566
4360 5193
2864 1706
2906 8607
5764 8195
6766 4373
783 5463
205 7871
4075 6657
5758 3623
7790 6453
3229 1149
7257 6172
1850 6586
5712 493
1445 1621
572 3790
4777 4810
2286 7673
3894 6376
9333 9649
7395 4170
3601 9207
2035 808
969 5880
6856 1535
9626 6682
1382 8638
1408 5127
89 9378
4842 1560
6377 6645
3641 3174
2541 5106
1962 7085
9150 4124
149 7363
781 2159
756 2583
7048 727
6263 6333
505 7536
9960 6953
6191 5806
795 1545
3489 7246
1528 6696
592 1677
8203 3073
8252 5863
9660 2065
2202 6690
4027 2080
4581 6332
8158 1584
7155 2851
2479 8647
1305 6020
5503 858
7841 1989
64 7531
9018 7479
8705 9749
9041 1126
7530 9092
4975 8851
8267 4907
9891 7908
2753 1104
7842 6666
8537 5146
4812 8003
3639 6174
785 593
5321 6630
9827 6588
903 52
3341 2739
7198 9206
1685 9464
6398 634
2702 7821
5793 9779
5137 8281
2381 9996
2076 2351
5275 1309
5788 7073
9736 1596
7400 2385
6364 7141
1725 7369
8202 8797
49 5980
2951 8195
7330 3995
5551 889
1119 7436
5364 8258
4170 2841
2168 5340
5724 1797
6877 5519
9161 1012
5034 8614
3766 7899
5169 9902
888 4933
6655 4477
9662 8296
4260 7254
5330 392
4 8537
5772 7114
2461 6559
8232 2220
1177 4743
1385 9859
6966 3403
9022 1908
9765 3655
2195 1159
6160 2602
747 2713
8623 1597
9629 8305
7309 8788
5581 8853
7974 6051
5740 2718
451 8308
4642 2650
1674 9606
8587 608
5984 2455
3840 1913
8432 5237
1928 9869
1649 4801
5278 6971
3506 5685
4325 8302
7865 8152
8521 716
1949 9695
3192 3792
2288 4534
6801 3195
1889 6816
6555 1798
561 7579
1561 6011
8741 1832
1900 3717
7995 6234
6234 4037
2208 7756
7822 7030
9585 2567
3440 147
3153 8452
5527 7400
8811 8143
3116 5751
7096 7054
1440 8700
4146 8321
4512 2018
2666 1241
2440 1607
519 8509
6982 4141
6065 8155
5585 7987
1245 1132
4634 8612
4313 3403
4305 1518
8747 2215
8075 2278
1301 2023
9090 266
8075 1630
7262 3350
920 6752
6339 587
8590 7875
3130 9277
6220 2713
8309 5580
6741 8653
5245 5942
4127 5579
8014 8874
409 1702
2246 5872
1712 4452
3978 1895
3268 9100
457 6255
5719 5444
3317 3529
9462 3524
1903 9804
9786 8287
5314 1737
2321 9042
659 7569
25 5341
7607 341
7229 1731
8438 4157
9811 8093
8574 973
6836 9731
8059 7046
5246 5421
4486 5913
5511 6519
2764 1682
7075 5524
1152 3762
9352 852
643 6220
9248 8537
2659 7077
526 2070
8306 5894
1349 7721
3977 8563
7173 7163
4572 401
9191 5813
6191 7972
4235 2565
6793 934
975 3329
1768 2015
7091 43
9974 2993
3932 2038
2443 3923
1206 4360
9586 9905
2509 9137
976 3250
3325 2443
7810 3834
8744 6769
3399 1920
5480 2005
79 9186
2038 1629
2801 7768
1611 5518
6739 9047
6020 2044
1461 9400
3595 417
2255 5080
6516 6396
61 1760
4997 1259
6135 4919
1066 3932
9078 3655
9751 5360
2020 8125
7856 1377
6820 8741
5173 2518
9570 1142
6194 1941
75 9546
8838 6696
2368 1441
2562 7347
8647 5574
3173 3940
1219 4066
4821 2268
2053 5519
4368 557
867 7807
4756 85
3319 4639
6860 9226
411 1638
1100 9974
3877 1315
5967 9830
4829 6310
8575 861
8310 2620
7796 990
8044 2817
176 2233
6379 7378
4539 4629
2641 8353
2267 5216
8725 4380
871 163
7287 7423
8891 4346
2617 3641
3598 2786
9551 2605
6754 6835
7555 7275
2860 2016
2140 7246
3269 844
272 4470
3360 4784
8376 2713
2493 6331
6387 565
6525 8329
5997 2058
6455 9815
209 1910
6538 1477
6989 6080
5268 3420
7349 8665
243 2339
9579 1792
4506 5069
6109 5093
3510 2869
3487 2208
2434 5709
6587 547
1031 3059
5654 861
4952 9397
3028 3488
877 1990
6447 5318
3790 2561
52 6832
9714 6382
2511 3726
7496 3971
1497 2918
5559 909
8398 5454
6129 2191
2068 5356
3949 3865
8680 7521
1509 9901
1611 2193
6125 1214
5006 4503
726 7226
7721 3798
3393 3210
866 3154
2887 4871
2668 6368
2425 7263
6846 6668
1892 104
4198 8010
9959 7669
5277 1327
9224 9158
3421 5520
4147 53
3056 651
452 8638
9339 805
5752 2062
3419 3011
7295 576
5551 5853
4917 8772
5878 5664
1233 7569
6810 5204
6093 492
4493 1629
8231 490
8386 8485
1927 2978
4304 3610
7154 9046
3586 8307
9150 6819
6723 9065
6072 3223
1304 9924
8962 8611
3086 5092
1633 9266
7894 5617
4502 4073
3150 613
4635 6542
5059 7016
8800 4637
227 6060
2678 4489
535 442
8301 6001
5105 2684
6073 7668
4178 7421
7306 7365
2143 4894
3148 9826
7909 7147
7995 6481
1386 6061
3275 5452
4454 1793
1992 4320
1155 6281
8681 2032
2721 6097
5803 5535
4509 8068
2891 5326
6418 5328
6115 5794
1728 8920
3497 441
1468 4137
8964 8735
2649 8591
497 3612
7286 4408
1077 1489
5191 9849
20 9763
6840 5072
6609 5990
5887 2250
3622 8637
1666 5381
3910 6529
2137 8313
4674 6097
4581 147
2153 3721
929 4418
1379 6742
2888 1205
752 4712
3751 6244
3052 8489
9285 4687
790 8109
3504 7860
1330 2762
6025 5765
4331 2379
8675 4280
173 31
1255 2417
194 4503
764 7053
2507 3280
5830 4976
3601 2734
8796 6706
5644 3882
606 406
772 8973
471 4827
3350 7725
6991 1110
602 5255
7189 9167
9459 3742
4123 8475
838 3250
1 1146
9199 8229
2071 4962
1792 8938
8365 6380
1626 1567
1054 5213
2401 4141
2140 4215
220 733
4525 801
6603 13
5143 5381
3500 2516
8280 1225
9726 2306
5337 5872
2743 2075
2803 2385
2612 6885
8275 7704
1872 960
570 8540
39 2742
2712 7153
2282 1091
2746 7902
8565 3383
2241 8162
4767 2665
2982 1091
9315 4190
8475 4311
1469 4635
7843 4918
4006 6471
420 8720
4916 5268
4956 731
2540 2384
4162 4831
313 822
9935 1926
609 9499
9804 2814
1702 1526
4413 2177
9946 527
1663 6839
4135 1212
6702 9450
3502 6071
4474 7530
9103 5956
3547 2418
7272 4242
4546 9579
6593 8511
9602 4367
3671 7137
8623 8545
4247 4691
8454 5035
9854 7580
3229 6664
9311 2598
1356 9315
980 7630
6189 608
8744 8279
8767 2377
2261 5204
2465 8252
7674 8230
3885 3171
2111 2482
6643 6323
1083 1543
7912 7738
9622 7326
4814 9826
8763 1683
9638 7067
9744 8803
1859 7256
9657 2982
8273 4137
3417 1263
2598 8841
6075 7842
151 8265
7105 6358
1279 8252
5162 2491
9755 9268
2185 8077
5833 733
2996 6841
147 4473
9914 6351
3862 4076
6392 7369
3880 440
6238 8587
1865 9404
3053 1772
7161 3256
3252 9764
8795 3733
2636 8966
648 7826
8368 8320
4551 6626
9553 4704
7339 2516
6729 7209
6813 1571
9470 6999
7100 2176
4106 7983
6035 828
1368 1627
602 3738
4737 2805
8767 3300
1161 657
4182 829
4115 1183
4238 9271
6412 5697
903 1398
6086 186
9713 2005
3683 5688
838 3287
5526 4900
6955 6833
5284 6648
8626 1750
8096 5760
8548 2018
2664 1043
877 2140
490 7203
4248 7109
5819 4036
1918 4998
697 9802
3801 8778
5327 6582
3229 8631
8585 4962
1481 6739
5033 3258
3546 8548
521 3550
8801 8856
2274 1861
5414 3142
5373 1556
4477 341
4295 2192
3928 1948
6698 1376
9165 5354
3898 5542
3801 6743
9261 2896
2549 2698
2351 7210
1833 4604
8788 8502
3502 4540
6623 8639
7704 597
2835 6825
899 301
8792 893
1869 1792
7041 8709
3669 3565
3163 2227
1779 3678
1416 6374
3640 2462
477 9743
2423 6838
4793 4817
9940 3704
9383 5160
9051 8784
3765 235
4500 8391
534 1893
3142 1594
2565 4704
1258 5307
5627 4547
546 9174
1267 4941
1545 1079
5852 5890
5644 1386
1087 2407
3178 8274
1890 9000
4920 5662
6939 3650
5112 1610
2249 6269
6538 6562
6463 2442
3651 2540
2530 9742
5950 2182
7382 2781
3601 4733
4724 1707
7057 3600
4271 1983
7128 3012
2519 5993
3238 1177
3485 6341
341 4253
2632 7824
6082 9424
5351 6874
8649 2824
6616 7773
5232 870
3449 7021
454 6904
1005 4273
845 8048
9905 5505
711 1045
5615 2992
8861 8952
2419 4988
6645 4522
4652 1380
4420 9356
7125 361
4594 2087
9365 2391
8094 2622
3812 1126
6066 3904
1183 8925
3657 5746
2061 8502
1693 2797
2562 3416
3573 131
7876 912
2719 7912
4477 8321
9435 6447
5873 8207
3145 3554
8224 5606
8402 8502
6862 8736
4941 3182
2177 7558
9067 6927
3770 2214
5621 9828
5176 3399
551 1234
3577 73
3340 9983
5315 2752
7628 1071
5266 6515
6499 8815
451 3215
6948 1558
7184 3666
2126 9480
2412 7557
4813 8269
2114 6985
1348 993
2313 5637
970 9070
1131 5838
2131 4663
3574 8105
737 4517
1330 2637
7402 6760
964 4813
1451 4054
6178 1604
1517 376
1816 7329
8327 8437
7595 3333
1044 7982
6028 8315
4631 4125
7263 8984
7724 8712
9933 6067
1889 4522
743 262
4677 4643
1724 5477
9327 7470
364 2879
9250 1812
9053 1843
3967 5312
7534 3653
4652 851
2651 8945
8260 568
3824 2158
2063 1722
1041 3815
6676 6340
2538 3254
460 2554
658 4082
2152 6967
6918 5227
3078 7030
1523 8787
3023 7684
7139 511
965 2486
4476 7758
3819 2855
5013 5417
405 8885
7818 7852
2083 3373
5330 116
1895 643
2736 7754
3967 9687
2599 3791
5759 7636
897 5176
3711 1867
2273 1115
3781 304
840 1546
1892 819
149 8993
8549 2689
4384 171
4789 6540
1161 3993
4975 7432
588 181
203 1991
6520 8356
8904 8072
2049 746
1173 620
82 7315
8518 1161
1510 2591
2757 1810
6441 2221
5608 3990
4667 3787
1170 7672
8885 8205
6236 1504
6655 7772
3220 6688
1217 3345
1894 73
4121 7330
251 7614
6668 5596
5600 905
528 9731
6392 4094
3449 7381
6772 9245
258 8277
1762 587
5247 5175
2756 7043
9345 3495
7843 3032
3274 3359
4659 9279
2226 3944
7176 1275
2184 2625
5994 3753
3436 62
9701 6221
3085 8626
9475 2204
9791 5937
1262 8316
7647 271
7697 1065
5802 1341
287 7801
2699 2101
3206 5858
2979 8932
645 2010
206 6935
9516 9519
1748 1705
978 2121
7917 1980
5533 4989
632 5622
2365 339
4765 734
9226 7882
4674 6327
2000 3146
1851 3452
6856 8346
7270 1660
6281 3907
1126 4473
3758 853
8477 3803
3753 473
7328 9178
9000 2550
1654 4444
3624 8120
4241 3980
1592 8478
3344 1724
287 8738
5444 1468
2704 5343
6417 2523
3868 4734
455 1357
9625 465
5378 6525
5714 6404
4127 1061
14 7137
4929 3309
6054 4035
7762 3760
7889 2829
701 1829
451 699
540 6540
8390 3817
1549 7399
2886 2547
9899 2811
8564 6669
8474 1063
8707 9796
7938 3109
2023 2132
6800 1374
7599 7980
7674 2307
688 4815
8833 7497
6420 1596
396 2005
3170 8032
1458 5960
9744 778
9672 4236
8103 3376
4220 6864
4278 8672
6273 3745
1785 985
5117 1594
363 3531
8671 8188
6938 8380
9636 9537
7354 5981
6779 5838
1309 620
7512 4440
5009 3147
3415 2904
3546 4561
6114 2705
898 8576
4532 497
1070 2743
926 2407
8915 712
569 148
5833 300
8206 853
1038 2086
419 656
7614 4278
1511 1788
1714 4287
2656 9030
9046 2570
6386 7313
6736 5964
7698 3838
493 6518
5084 8813
9214 1532
8306 4339
5412 184
8374 2604
487 2895
6090 3714
2973 68
9526 3518
7049 812
2970 9167
994 1506
6005 8745
4119 2044
5877 576
3983 9790
8879 1301
9685 7213
9169 8784
1491 470
8246 1439
110 2304
1994 5213
1587 3583
6366 630
5137 3019
6127 5578
4631 4913
1906 545
9535 4472
9827 462
3243 4567
5102 2455
2910 2660
1101 6147
5967 1968
1892 7797
6778 1729
3145 1688
8199 1552
5575 684
7023 5957
709 2400
5740 863
835 48
4704 7352
9893 657
3289 6761
8051 9274
8403 7530
6095 4806
8511 12
7656 5911
8755 7962
7983 9853
5329 3533
9433 2263
685 8352
3189 5641
6185 7492
7198 2846
2739 1237
8770 4656
9681 9580
3524 3623
5372 5157
5103 6702
7643 6612
4316 1036
1233 852
1766 3825
4346 9152
1724 6671
6562 918
5159 4252
2838 1304
2444 3861
3679 4197
7044 4436
6828 1832
6058 85
7183 8095
357 9494
6892 2766
455 3917
7405 1157
4868 5134
7161 3632
503 7309
3718 813
562 6289
1420 7171
6757 5194
28 5217
3185 1077
1377 2389
3389 9805
4134 8111
7512 9939
5865 3380
624 9089
782 3319
8323 4412
6230 7797
1492 297
3681 1647
1232 2753
2658 1726
9057 3816
2915 2498
8018 298
1593 8491
3061 2182
1752 6188
1810 2208
4714 3421
5344 4882
8412 2064
5513 5234
4554 6998
217 5546
7676 1779
1351 6516
6129 5503
4231 6644
1467 3454
1951 5227
3515 7443
3049 4873
8654 9760
6377 3411
9671 7921
2175 7877
3200 3034
9407 3049
3980 3261
943 3993
5551 7713
7456 7857
1951 6335
6977 7161
668 4719
3280 6401
3727 2147
1138 2094
1455 5474
9462 6996
1977 7512
1877 5684
513 1083
3628 713
8596 369
1133 365
2384 6241
3971 8929
790 7655
2421 7101
735 9372
957 1764
2125 8340
2777 3548
3699 9194
8897 6588
1720 1194
9482 6935
2647 7517
4154 8489
4106 474
8061 2111
4649 5066
3208 2060
3854 5725
4428 4760
8811 2476
3517 8363
7454 4591
5988 5500
323 6000
3169 451
9530 5263
3221 8517
6059 5623
4847 8513
3991 4096
9429 8774
1281 3878
7062 4216
1197 2411
6670 1155
664 5545
9081 6191
7929 9531
6459 9701
5957 4652
3120 7024
3817 1615
1135 6647
6900 7904
6388 330
5042 3515
4446 9851
8145 6045
2550 2544
7885 6871
3250 6630
2831 9306
1961 9880
3382 2927
6920 1696
4932 1430
4708 6620
1836 4978
8928 7493
8250 546
2881 892
4596 4915
6592 4166
2495 6917
4577 522
5062 2171
2546 4248
7702 8167
7749 8701
6957 1845
6065 5284
2965 758
6246 1423
5851 2912
4880 6550
117 4484
8014 7326
532 1777
8083 6030
1286 1063
7629 7343
4414 366
8900 3634
136 1288
997 3798
4039 8948
9631 3594
1010 1812
1166 2095
9743 1345
4935 7570
9438 4334
595 329
2346 5947
4335 6316
3931 2267
6850 1302
3711 2952
929 2667
9146 1509
304 2028
1628 2499
1018 9705
1410 216
3555 103
2399 734
2076 2562
76 3928
7319 9077
9006 9338
7803 8615
1240 5225
6970 872
5728 5953
449 3020
3446 6422
2160 3815
7266 5292
3434 490
6205 811
7087 8157
3252 2669
792 7326
5592 3546
4467 1848
1097 6695
6912 5848
948 2154
603 9164
9322 5457
9084 4621
8675 4531
8171 830
9043 6790
3287 2149
1596 4883
5016 9770
3348 1576
3235 1453
3705 988
8975 7101
4210 5592
1590 6422
3255 1716
2718 3931
9428 8688
6121 1189
7402 9092
5066 2778
2822 985
4024 833
3478 8474
6791 4165
3209 9173
6901 7256
9063 9431
7363 2394
2785 4743
7733 2538
9754 6257
6172 332
5990 2934
657 9164
9121 7041
1924 3378
6084 7469
2295 9255
4675 5766
8676 7975
7738 5550
9718 6374
6010 9569
4039 1000
1807 4618
8277 4652
1732 2871
6170 8168
5032 1083
4988 9851
258 7299
8483 7151
1315 8667
3482 1150
4940 5697
4823 4167
6848 6393
8350 8704
5819 5779
5762 2526
4035 9595
9357 7011
7405 9568
275 4647
5891 3319
5682 1738
4165 2464
1293 4329
7085 2601
7242 8511
952 9185
8967 8654
3762 4688
6500 9630
3921 7190
4413 6757
1077 8577
8615 4887
1918 1875
6701 1616
8446 962
5275 2640
3888 2657
7563 4247
2506 4592
4734 4353
6319 8064
8270 4755
2248 1786
8305 3863
5444 6608
9760 3652
9549 1604
5193 1810
110 6231
6018 1100
3121 2629
5039 1398
3869 3375
6853 1953
4465 3864
7552 8253
4346 3381
6706 7663
4923 9103
4941 1603
2445 523
1155 9508
2148 6011
1436 2329
981 1062
8376 1458
3653 5302
3285 9572
3780 401
1075 3296
4234 6938
7094 2507
2496 3704
6140 7210
2178 3655
3552 6844
6675 5709
8606 6332
7649 272
2264 4791
3227 1239
4584 9531
9857 6030
1526 817
4683 430
29 8140
2557 396
729 5970
7929 2977
6324 3403
2181 5290
5553 1831
1278 9856
8936 5237
~
