100
100 47
82 62
39 3
81 44
34 52
77 0
88 83
34 98
97 42
70 26
80 41
46 2
68 54
15 12
94 92
85 3
20 88
35 0
58 16
52 64
24 71
13 68
29 14
85 0
50 35
66 48
90 63
20 20
89 48
46 17
18 61
95 24
5 46
23 47
8 75
40 10
22 83
7 48
34 40
62 53
69 68
41 6
26 71
3 43
85 64
68 97
26 26
13 88
~
100 96
52 76
42 61
90 64
73 2
89 19
73 15
16 86
30 97
29 84
61 33
60 3
12 96
75 52
59 86
73 25
28 83
22 8
66 63
10 17
42 38
69 64
94 93
68 44
58 42
91 39
44 98
90 60
91 91
67 89
51 11
95 20
35 87
84 20
7 76
76 59
88 94
20 47
25 70
51 94
90 72
8 98
68 21
21 89
67 65
81 24
31 88
13 58
90 93
50 32
60 40
31 22
48 29
20 88
62 25
53 62
70 16
85 9
12 14
45 71
85 42
2 25
28 53
82 67
96 9
85 19
29 1
82 6
9 62
31 95
38 15
95 13
97 65
6 8
69 98
86 58
12 7
33 40
13 19
53 78
18 6
63 75
24 25
71 46
21 80
64 64
61 74
63 47
96 71
8 78
98 40
69 6
77 7
57 8
95 45
48 97
8 84
~
100 78
14 26
84 5
52 53
24 74
74 46
17 74
68 14
47 73
28 8
21 80
7 95
50 76
55 65
63 50
90 41
71 4
69 98
60 19
98 35
36 7
94 82
68 12
47 24
4 35
86 43
27 76
20 7
73 73
23 77
58 75
70 53
24 66
60 2
51 19
65 87
48 18
13 64
64 30
30 89
42 8
96 86
64 10
47 77
6 43
77 99
84 38
45 69
26 69
59 78
64 76
68 16
86 47
0 97
84 6
95 62
62 58
93 66
44 0
18 28
44 36
33 72
16 57
62 37
89 36
93 71
52 90
61 59
12 14
86 24
56 22
23 87
55 96
63 82
89 32
74 4
4 15
62 44
99 75
~
100 44
96 85
70 75
5 42
29 66
8 73
59 50
98 17
24 2
99 9
49 76
7 37
88 19
79 72
56 22
2 27
9 70
11 87
25 38
71 46
93 8
74 86
98 59
42 82
26 87
23 41
99 61
24 4
86 0
74 23
55 19
11 3
1 36
2 55
36 99
5 48
14 15
65 53
35 98
26 11
2 36
42 94
37 94
22 12
40 95
~
100 13
30 21
86 7
79 60
69 44
79 87
65 17
49 57
55 10
16 54
7 19
9 34
43 29
40 71
~
100 44
97 99
64 22
99 91
44 39
96 48
66 28
9 81
46 27
88 88
84 60
65 3
87 46
71 59
93 9
47 79
93 23
16 48
37 66
67 68
1 77
1 81
92 51
54 8
93 96
45 21
24 1
5 5
51 26
70 57
55 66
17 40
43 7
60 52
71 51
73 53
80 26
44 63
44 72
31 37
28 5
82 49
74 55
99 78
8 81
~
100 44
39 28
54 86
46 9
55 12
82 78
36 97
60 22
60 58
88 31
96 79
34 63
70 39
79 92
98 7
34 39
61 59
94 16
44 55
82 31
75 29
54 66
51 10
71 45
40 82
30 58
67 95
69 95
63 61
35 4
10 44
86 41
39 30
81 91
50 52
58 62
99 46
28 11
94 41
26 55
82 96
41 28
97 3
2 2
76 68
~
100 51
36 11
82 37
56 7
71 41
25 18
24 85
36 79
68 13
21 66
73 91
2 22
22 15
76 33
77 52
9 16
19 35
78 52
22 19
46 40
74 93
18 97
48 96
6 50
42 24
68 75
19 32
56 11
54 62
8 29
60 35
29 84
83 46
85 91
16 61
86 40
5 33
74 42
55 57
73 69
89 90
61 61
42 41
32 27
60 33
91 39
74 31
16 61
99 20
81 86
43 18
67 89
~
100 34
37 26
75 66
59 19
48 73
17 66
35 35
36 98
28 17
93 89
88 72
45 48
16 84
0 17
70 8
74 31
24 40
90 72
90 28
54 10
15 25
91 24
78 78
99 65
63 41
49 70
3 93
44 11
76 25
78 15
6 34
73 65
69 46
23 14
16 78
~
100 91
25 53
26 76
36 11
78 73
35 32
55 89
97 50
6 24
79 80
23 22
26 32
74 24
41 68
79 80
14 85
44 12
95 32
55 10
36 84
95 95
51 54
91 77
37 27
30 41
39 59
78 13
34 18
67 94
15 84
6 14
34 1
9 92
98 42
73 15
26 89
51 64
9 71
55 58
15 76
14 48
94 94
1 42
24 9
14 12
87 3
35 56
72 68
81 24
29 24
43 23
37 88
55 40
85 41
24 51
96 99
61 93
62 57
13 14
42 49
71 37
77 23
51 18
54 93
62 74
96 6
70 72
0 75
42 11
8 45
53 89
4 9
0 46
46 0
37 75
37 54
81 21
85 37
10 21
7 25
73 61
27 72
2 20
49 19
38 62
84 15
68 50
35 17
15 81
94 66
74 52
89 8
~
100 18
76 96
53 75
63 91
77 29
70 62
89 90
62 11
56 23
4 38
71 69
57 46
9 81
93 6
17 31
82 11
98 6
15 72
66 19
~
100 60
61 98
68 12
57 46
63 11
14 58
6 41
10 16
33 7
27 35
66 42
30 67
21 15
13 17
33 5
30 94
17 62
43 79
50 59
84 83
88 86
86 37
15 10
89 11
76 82
36 20
28 49
95 17
68 10
73 26
73 78
99 71
26 42
60 43
96 47
99 96
74 55
55 68
5 38
45 1
17 37
59 88
12 61
47 23
99 7
33 86
27 95
25 50
70 42
64 17
82 5
6 65
68 94
77 69
89 17
32 83
89 8
86 3
93 23
15 24
82 55
~
100 36
68 51
43 2
75 16
55 80
98 39
24 90
58 63
60 12
26 66
32 52
76 63
71 35
96 29
5 75
14 31
16 17
7 24
38 72
73 4
79 22
54 96
56 53
94 86
20 48
60 97
62 91
19 48
55 28
68 76
10 88
75 59
97 89
10 86
25 97
26 51
32 11
~
100 90
96 82
45 14
78 87
41 94
65 51
48 67
31 60
80 92
43 95
60 4
61 47
22 54
99 43
16 68
13 2
31 6
16 9
64 10
83 47
48 94
79 0
38 33
5 32
75 42
98 17
17 25
98 64
84 51
48 24
21 52
85 28
99 19
15 9
28 98
84 75
19 54
35 8
27 81
70 65
29 62
32 29
97 74
81 55
79 85
44 32
84 18
4 22
29 70
14 79
99 9
78 12
8 43
56 99
62 27
65 62
90 2
62 75
90 46
20 5
11 7
53 56
92 30
81 44
35 12
93 78
91 97
28 84
33 65
87 29
39 75
39 72
70 76
91 93
99 18
3 45
44 42
67 15
51 63
33 31
63 61
83 94
99 0
11 93
12 96
99 47
70 80
47 86
85 42
84 89
44 27
~
100 25
15 14
47 67
22 13
54 88
66 27
40 44
12 67
43 6
90 91
75 17
96 47
87 50
8 43
86 28
22 60
86 52
35 53
84 61
84 12
88 77
9 2
43 94
39 54
74 70
96 56
~
100 89
28 81
50 92
19 90
24 4
68 21
65 38
62 6
57 85
76 69
33 71
41 64
67 28
2 15
70 89
99 17
18 81
5 37
68 11
31 25
36 26
40 69
26 74
3 67
91 52
0 77
76 95
91 48
64 96
3 40
74 7
28 69
25 75
47 88
75 80
37 52
88 51
67 14
91 37
34 42
49 55
11 65
89 74
52 56
0 15
15 43
70 33
70 10
53 26
79 94
28 54
62 87
54 82
2 32
61 92
85 28
60 4
10 20
37 38
51 61
15 20
50 47
83 59
8 46
13 94
13 4
68 75
70 59
40 92
16 28
78 59
92 36
85 9
56 90
66 41
57 14
49 21
45 69
15 29
67 92
51 6
20 65
13 5
36 75
84 89
42 33
7 42
4 54
82 82
67 20
~
100 7
21 45
75 74
28 60
23 87
7 46
77 75
31 61
~
100 18
1 25
5 19
24 20
67 40
92 97
5 51
9 9
79 81
99 34
68 20
58 22
10 15
3 77
86 39
91 1
55 29
50 38
32 56
~
100 31
67 72
71 62
35 22
2 25
45 93
37 7
62 50
34 73
19 35
17 48
42 66
96 72
92 47
64 30
30 78
57 40
80 57
76 91
85 24
99 17
77 97
17 73
99 22
12 20
7 5
55 20
27 7
44 90
8 0
46 24
11 47
~
100 43
85 48
17 99
4 68
82 43
75 66
34 76
20 31
57 31
65 74
38 23
37 8
73 22
86 96
7 64
95 7
77 76
65 31
68 78
10 81
81 45
86 76
41 98
22 96
66 9
41 15
14 9
29 81
63 14
94 38
16 96
61 64
55 33
48 89
55 83
96 19
76 29
2 71
45 96
70 83
70 12
49 23
70 91
46 29
~
100 91
52 83
16 30
21 85
18 3
36 98
86 6
42 69
57 64
99 43
22 31
9 0
35 64
48 83
34 33
83 51
90 33
77 90
19 82
8 79
55 54
46 11
21 81
77 83
22 81
68 25
3 71
5 68
18 49
3 77
16 89
53 51
50 53
40 13
71 55
23 39
81 79
41 51
35 22
74 41
99 6
27 32
52 32
80 74
46 69
79 21
41 79
67 80
54 13
5 86
99 94
25 41
90 23
76 78
32 4
80 27
56 56
13 80
18 2
27 6
24 3
84 81
16 69
19 77
30 54
16 40
32 66
39 45
28 5
83 20
24 85
4 77
81 90
73 50
80 94
29 96
40 43
40 48
54 15
32 70
58 20
26 39
39 32
11 28
27 54
39 69
23 85
13 7
49 77
35 88
24 80
2 28
~
100 39
87 13
14 3
32 23
31 9
30 67
78 54
71 55
12 41
38 35
86 12
13 39
17 90
20 35
39 73
51 55
67 46
4 82
71 15
57 2
52 36
13 49
55 18
24 11
70 41
96 36
25 13
37 42
19 50
4 22
16 82
96 91
95 79
9 36
42 78
86 44
37 15
36 26
29 74
23 46
~
100 28
18 44
52 44
12 44
75 45
98 81
91 29
48 54
7 74
74 52
42 17
47 70
82 42
74 76
65 92
0 19
20 17
53 39
77 65
70 51
53 7
22 46
46 52
99 94
65 82
51 25
80 84
52 85
46 72
~
100 26
12 43
72 78
25 93
62 10
45 11
42 14
62 53
33 61
3 72
95 70
4 51
17 18
33 38
29 23
1 27
9 4
37 82
57 29
44 50
64 73
65 32
29 46
71 13
68 45
30 28
32 99
~
100 32
17 85
39 80
89 5
93 71
77 90
30 46
84 40
73 33
69 41
13 12
66 44
32 1
99 70
52 76
22 34
24 48
37 48
25 49
8 64
97 14
77 0
44 44
29 7
2 11
61 60
24 70
80 38
77 94
75 81
15 32
6 41
90 50
~
100 54
13 45
28 24
90 45
99 34
69 6
11 4
15 11
51 27
36 80
30 23
27 57
83 59
91 90
63 41
56 77
22 64
35 56
15 3
68 11
93 52
15 96
30 77
49 97
85 1
35 46
28 54
63 16
27 5
74 81
12 35
49 33
7 99
24 59
44 95
8 77
78 64
1 13
94 64
95 28
68 38
4 6
69 41
58 34
75 25
16 47
21 6
55 77
42 81
99 53
95 60
96 89
66 29
38 11
38 54
~
100 40
44 45
63 71
63 37
0 92
62 66
57 91
69 78
52 10
67 14
62 64
49 53
32 74
99 94
99 24
60 35
18 63
49 19
23 16
75 51
92 13
89 97
39 18
48 13
80 10
93 40
22 39
14 41
29 92
33 18
59 2
89 0
68 85
55 19
62 31
16 8
20 97
3 87
98 65
97 91
78 92
~
100 85
28 34
92 33
60 10
25 45
89 51
32 74
22 33
52 9
60 16
28 51
11 1
24 0
49 95
16 27
90 43
50 40
37 1
8 82
18 48
48 1
12 50
90 15
97 79
43 92
19 90
31 96
69 93
34 8
19 13
71 61
94 86
81 92
56 56
85 17
26 58
7 31
86 85
32 95
28 25
40 28
96 7
81 18
2 38
4 26
20 68
46 10
91 60
82 50
96 53
40 85
41 68
9 68
96 90
34 55
60 28
22 69
10 60
68 75
33 52
40 60
4 36
73 39
80 63
47 52
26 50
70 52
90 87
26 83
58 16
16 51
8 94
97 11
45 31
30 41
94 30
16 80
77 54
64 32
97 73
37 75
69 27
21 68
10 61
98 54
3 51
~
100 51
95 1
6 9
81 70
34 89
45 27
12 70
63 5
53 15
29 23
14 77
3 10
26 90
74 77
89 29
87 27
40 24
19 34
93 34
12 81
77 46
3 9
14 40
20 40
94 39
18 10
16 26
15 88
21 54
94 74
44 23
99 79
90 39
71 84
57 80
41 29
58 58
15 63
68 96
1 63
31 62
10 85
25 39
69 37
76 72
72 25
44 84
38 67
38 81
22 94
21 19
69 91
~
100 12
88 69
15 83
40 24
9 82
25 70
49 32
74 19
6 85
87 39
63 20
81 60
90 46
~
100 53
97 89
74 92
75 67
27 55
72 1
75 39
10 7
23 57
15 9
70 86
94 45
38 93
12 28
12 44
20 69
40 30
72 29
94 1
2 80
91 93
53 66
74 61
51 73
28 28
46 14
86 63
22 54
87 93
31 31
41 42
44 84
8 85
43 49
64 51
65 78
86 81
92 89
26 38
75 14
63 96
22 19
36 89
35 28
74 79
84 93
38 40
94 38
28 27
93 58
80 11
49 34
52 51
89 64
~
100 15
34 14
31 92
32 50
89 57
84 4
84 73
55 83
74 11
36 39
59 14
90 60
75 51
15 74
76 30
15 31
~
100 21
71 13
99 79
69 91
61 60
27 32
35 62
87 41
23 77
81 92
11 64
33 49
30 89
64 97
64 91
14 1
60 32
39 71
3 71
48 43
36 11
41 17
~
100 35
61 45
73 22
74 47
70 17
29 86
0 80
31 47
24 46
24 71
53 98
73 9
4 66
79 76
39 79
59 0
19 50
37 37
71 82
86 53
32 67
53 0
18 6
42 45
91 50
74 82
99 62
70 42
4 32
62 26
47 78
95 18
22 63
3 85
35 92
33 88
~
100 38
71 93
31 97
24 34
8 0
10 34
37 79
16 45
20 31
13 72
69 51
40 56
22 70
56 95
33 81
64 46
83 45
10 96
96 44
33 58
7 10
63 52
43 18
80 66
62 78
60 86
1 15
63 45
84 44
87 76
92 74
89 30
50 80
4 99
37 15
22 43
79 85
81 35
40 22
~
100 26
42 4
67 90
4 82
55 25
11 85
86 46
63 98
96 21
64 45
98 73
66 64
51 67
24 50
85 39
47 97
12 44
57 23
56 64
49 65
67 63
10 52
10 26
32 83
76 58
33 37
23 40
~
100 13
77 70
96 42
51 2
51 41
77 29
50 98
42 99
35 70
1 31
29 37
57 22
27 82
40 27
~
100 26
64 37
43 66
17 39
45 89
12 59
64 99
29 68
23 72
30 97
18 2
70 31
8 66
92 85
32 13
69 24
43 94
90 2
10 52
46 74
28 46
91 65
59 68
46 91
32 29
56 33
99 64
~
100 79
93 8
0 88
63 47
23 42
83 2
60 87
35 12
59 91
66 88
54 78
1 11
14 53
25 7
28 21
9 28
88 50
21 24
45 9
63 70
62 73
30 27
73 2
80 33
62 67
32 7
54 74
47 45
29 66
46 79
56 76
25 56
47 25
11 65
34 47
70 11
42 21
67 61
31 92
65 90
64 11
11 19
6 27
92 79
72 24
23 34
94 82
29 99
81 39
49 53
87 96
14 37
43 75
33 62
23 84
91 1
76 22
7 70
22 88
39 34
77 27
19 67
70 39
82 41
2 86
89 30
12 67
70 20
13 42
53 1
57 83
73 11
11 17
53 62
37 82
0 63
10 96
62 94
36 86
20 94
~
100 58
11 7
83 32
38 87
60 4
59 85
34 25
0 3
5 85
76 40
38 69
44 68
16 76
43 72
11 28
72 21
42 32
89 45
15 28
29 31
93 7
81 80
97 74
20 86
93 18
98 88
93 92
15 10
79 14
39 98
94 37
84 83
93 45
81 37
48 1
2 9
83 79
93 51
10 38
35 37
89 30
44 49
5 95
74 74
66 70
77 51
7 4
87 73
63 21
10 46
49 1
90 10
98 16
31 73
9 3
44 48
4 12
29 0
69 94
~
100 47
53 27
90 8
36 90
61 80
43 92
88 86
33 38
32 71
28 34
50 26
14 10
74 20
60 45
29 58
45 93
85 27
50 41
92 9
51 3
56 44
86 60
74 45
13 79
56 93
9 56
48 99
38 82
78 78
88 58
77 62
18 33
87 84
81 20
26 76
27 87
25 94
73 72
78 13
70 56
15 16
41 90
52 93
38 3
61 70
92 50
24 98
13 97
~
100 6
30 38
12 16
0 85
32 23
23 25
38 5
~
100 72
12 33
42 67
86 2
64 45
1 6
21 62
80 93
10 41
21 41
31 48
94 93
24 61
43 75
60 31
32 96
27 61
44 22
21 86
58 14
33 10
75 72
44 88
37 27
7 96
94 69
41 31
64 71
9 97
80 5
98 53
4 84
20 47
29 56
56 18
45 56
71 41
37 95
68 56
90 24
26 55
9 70
67 78
77 58
6 1
36 92
50 74
24 76
96 85
95 41
39 83
77 82
62 78
58 53
17 19
80 20
80 1
9 10
61 62
4 26
48 96
80 22
51 45
57 39
3 86
31 42
45 8
4 54
25 16
2 40
37 33
58 19
21 43
~
100 64
42 90
62 29
15 75
19 11
62 91
95 42
76 60
86 20
0 40
26 46
91 53
11 34
98 26
97 56
22 69
44 65
67 79
67 80
65 94
9 17
63 76
27 31
21 88
46 71
73 38
44 37
48 71
77 73
86 34
84 14
63 11
61 77
67 40
73 34
81 19
52 86
91 36
14 89
9 47
50 58
35 11
47 59
15 8
47 71
76 31
5 85
7 45
73 51
8 1
47 6
97 96
32 99
93 81
44 59
72 29
73 83
76 81
22 99
43 31
16 4
92 10
81 0
55 29
49 1
~
100 70
77 66
92 19
10 86
67 33
79 36
25 6
33 80
5 34
27 66
62 84
43 66
17 38
78 7
35 69
64 53
5 81
74 13
69 45
81 46
59 59
52 23
19 43
61 26
17 64
8 83
27 90
15 73
73 34
1 84
79 47
85 32
98 22
46 13
56 45
1 95
74 63
6 44
54 79
15 60
70 33
41 84
86 9
24 70
5 52
61 56
95 84
34 31
49 87
2 29
49 81
30 46
40 57
67 12
81 74
68 17
44 31
94 54
75 25
14 77
4 40
95 2
27 39
82 81
17 52
70 2
57 23
63 98
9 69
81 78
1 24
~
100 1
26 80
~
100 90
59 84
43 19
69 41
86 2
91 46
63 42
76 7
90 9
34 44
35 66
1 44
2 71
49 3
24 54
54 39
81 91
7 43
49 69
37 66
35 54
61 21
72 16
97 20
52 66
93 74
47 38
16 0
62 24
54 23
72 22
16 31
11 69
36 70
97 56
9 14
92 92
65 63
30 53
97 93
16 47
4 52
69 2
12 37
94 30
70 77
13 53
36 3
94 71
92 78
36 25
74 34
60 1
18 52
59 77
63 21
21 56
7 16
58 20
65 87
0 82
55 81
25 4
39 78
55 29
76 91
93 50
96 5
71 75
57 6
61 44
21 89
68 49
98 3
13 83
22 4
42 17
22 60
30 61
17 37
5 20
44 36
40 9
3 57
86 60
70 52
47 42
29 9
52 30
89 0
11 52
~
100 65
65 44
85 3
42 32
14 66
51 56
38 3
49 62
44 63
14 24
82 65
56 10
23 52
44 65
84 16
93 7
81 11
9 92
92 14
98 41
82 49
17 13
96 79
7 18
61 11
57 69
55 70
94 16
75 90
55 59
45 98
14 69
63 83
89 32
88 26
73 83
16 4
86 75
51 54
62 16
99 25
26 34
2 0
48 79
82 47
89 15
99 8
68 41
54 8
28 39
7 33
87 94
2 1
3 71
13 93
69 73
98 11
80 54
98 89
3 59
97 63
51 40
76 42
99 16
38 78
64 50
~
100 65
77 63
52 91
81 36
87 72
84 97
52 62
50 40
65 1
23 94
23 98
13 4
6 62
44 26
61 40
92 93
96 91
55 69
19 63
24 8
45 66
67 50
93 90
57 81
96 82
42 54
87 38
78 1
10 83
81 42
88 10
51 41
69 68
19 46
30 34
41 36
20 53
33 7
48 56
54 72
1 97
44 62
75 30
6 54
11 21
7 14
90 66
59 17
90 91
4 42
66 52
86 59
21 36
63 88
82 91
95 37
35 18
72 4
60 52
49 98
97 71
60 83
2 58
24 59
41 40
68 12
~
100 22
93 45
6 83
67 22
58 2
64 5
91 43
61 93
68 88
18 30
21 84
45 65
96 72
36 21
95 1
39 53
17 34
5 7
65 34
49 28
81 97
37 12
6 31
~
100 31
60 91
90 39
75 45
17 66
2 10
25 15
0 41
71 68
56 28
18 64
68 47
35 32
21 68
93 11
84 79
38 9
13 45
99 91
78 71
67 80
35 53
64 75
43 39
89 83
93 22
3 47
23 20
36 51
27 36
73 46
21 30
~
100 25
31 12
77 37
49 4
34 35
10 83
28 5
63 35
56 14
92 99
83 92
60 6
77 88
54 88
41 86
75 26
70 86
78 0
8 27
23 21
52 48
96 51
79 8
57 0
14 34
20 32
~
100 35
37 12
51 2
28 73
37 14
66 56
76 68
7 47
79 33
46 84
33 69
62 95
63 60
78 0
97 94
70 69
30 43
35 12
67 34
98 21
26 59
24 51
47 47
4 51
99 89
41 72
15 58
97 9
99 24
30 4
56 31
65 29
58 84
89 26
94 38
29 92
~
100 60
89 80
18 55
60 51
20 33
52 44
59 77
11 98
59 87
10 61
77 43
21 95
70 64
66 51
64 80
69 45
99 92
24 71
83 48
79 90
32 5
5 59
49 33
43 72
49 79
20 74
91 91
86 93
78 48
48 86
93 4
72 71
3 36
55 71
68 81
67 85
45 59
72 75
11 0
95 55
96 78
34 21
23 8
32 58
19 66
87 33
48 88
51 22
46 57
19 7
31 44
81 94
37 94
86 19
47 65
34 12
34 41
9 30
43 34
91 14
11 25
~
100 23
12 31
18 33
42 53
69 23
76 27
63 96
11 99
27 87
68 22
50 81
66 81
12 73
42 88
48 24
14 21
18 59
19 77
51 66
4 97
8 48
28 76
35 85
83 71
~
100 63
18 72
5 49
47 37
31 87
25 40
31 64
79 73
29 61
50 31
82 51
28 75
37 0
17 50
98 59
7 91
40 23
68 65
94 59
5 10
70 49
46 56
38 0
91 99
99 54
53 67
14 13
16 51
8 20
59 47
77 5
11 6
48 54
65 55
18 44
15 56
57 68
15 31
79 9
24 64
43 16
29 60
33 7
21 89
0 95
14 98
65 11
72 64
14 18
75 96
42 40
28 83
39 66
25 16
20 82
0 33
25 21
52 85
71 35
20 8
48 10
57 27
78 55
23 29
~
100 75
65 9
86 29
87 84
56 10
52 7
43 95
49 92
1 53
95 2
62 88
38 20
52 4
1 41
6 32
11 20
90 13
97 49
37 70
60 52
70 13
54 34
21 35
36 39
21 55
19 31
59 80
60 47
66 4
56 25
48 75
31 74
34 65
39 84
35 27
37 20
77 40
56 18
37 35
12 63
44 71
57 65
53 4
12 53
48 96
14 74
48 20
33 58
42 47
31 45
82 27
64 4
29 99
57 46
55 29
13 80
82 61
97 7
99 86
48 16
1 80
41 63
6 45
71 63
20 23
36 37
53 58
29 38
39 46
14 42
20 8
79 31
39 98
74 31
97 83
50 33
~
100 15
36 15
5 43
95 3
10 42
10 72
39 9
80 18
21 46
89 67
80 18
68 86
12 20
68 85
18 60
20 75
~
100 63
9 96
73 55
82 15
23 6
72 2
37 36
13 13
90 3
51 80
44 29
52 69
45 10
16 45
39 59
43 83
51 51
33 72
67 11
63 47
27 52
36 45
56 55
45 13
4 61
16 24
93 76
63 35
74 70
87 47
2 83
82 94
38 72
30 24
40 6
3 65
85 72
88 33
69 29
29 68
57 62
0 39
82 75
41 58
23 95
18 44
90 61
90 40
35 20
73 97
50 18
97 76
0 45
12 12
3 66
2 62
17 62
20 62
62 22
53 94
81 10
56 86
77 38
58 72
~
100 13
47 93
17 47
31 17
87 11
75 50
72 76
49 75
47 88
79 58
42 42
58 79
0 7
98 41
~
100 44
53 33
86 76
39 98
86 26
28 36
48 36
27 59
44 55
18 99
40 76
41 83
89 45
82 59
8 62
95 36
45 94
27 71
91 35
57 73
41 46
49 98
53 26
64 17
93 84
18 11
34 95
22 38
81 53
62 12
43 1
11 52
97 39
99 20
64 97
77 63
41 51
14 57
72 29
2 24
58 67
52 58
4 21
73 29
3 97
~
100 14
74 28
70 20
69 93
58 53
19 73
10 17
85 98
63 50
60 57
45 28
81 98
24 44
15 43
3 47
~
100 68
9 56
57 48
56 19
62 99
83 47
57 16
2 22
23 10
21 20
38 91
5 42
31 80
61 91
41 35
53 52
28 89
58 92
32 7
30 66
45 80
17 18
34 1
76 45
53 3
77 9
75 15
59 20
72 68
64 24
45 10
20 79
3 19
31 84
63 98
62 94
77 37
74 63
61 67
34 91
61 83
30 62
47 32
72 11
9 85
45 55
74 39
67 98
2 4
38 24
30 78
81 82
5 57
90 62
2 21
25 4
7 95
37 67
26 17
7 80
42 61
74 36
1 94
35 52
83 21
18 20
97 75
54 48
46 46
~
100 35
3 73
69 43
61 57
75 16
56 38
55 8
89 41
81 83
67 17
25 39
80 11
97 4
32 83
60 97
35 88
4 33
30 10
31 26
0 42
82 86
9 93
2 27
67 8
59 63
65 72
85 75
60 22
89 27
64 25
9 71
23 19
20 76
32 32
64 26
98 65
~
100 66
84 94
24 52
1 11
53 95
34 24
60 37
48 31
20 41
39 40
51 76
46 56
99 42
81 79
53 36
1 96
99 63
52 23
15 16
69 79
86 81
44 25
3 15
40 65
44 56
28 64
1 82
41 42
23 73
26 28
63 50
29 96
20 77
85 92
2 36
55 97
88 0
38 33
39 95
18 2
75 26
39 24
43 30
81 93
24 42
55 48
47 55
94 4
40 26
43 45
45 65
60 91
74 92
19 23
56 30
19 10
57 69
79 89
93 58
72 13
38 68
98 58
73 70
22 91
74 91
51 79
87 30
~
100 96
83 2
22 19
54 4
44 29
26 42
58 84
77 86
78 65
10 69
92 57
25 92
24 23
56 75
39 56
64 58
64 48
32 58
78 35
72 10
0 79
52 82
92 19
54 47
15 56
24 93
49 88
67 49
20 17
69 64
99 2
30 40
10 87
90 3
3 53
0 93
38 9
21 69
92 7
70 88
93 50
60 53
96 9
83 5
31 66
97 31
55 98
83 5
49 93
12 69
2 60
9 58
72 72
34 94
41 36
91 69
51 2
52 67
49 70
89 70
77 80
4 72
14 75
45 43
4 58
52 20
2 97
93 61
88 67
89 86
5 87
63 41
30 4
38 49
43 14
12 80
13 10
90 85
9 29
55 29
72 12
61 91
84 42
55 45
46 70
16 13
80 3
52 74
13 1
84 88
10 78
34 57
72 25
51 36
95 17
32 58
89 41
~
100 24
56 59
26 15
8 15
66 45
75 83
20 33
90 93
44 60
76 36
93 18
71 89
63 83
30 21
26 50
47 66
0 22
57 24
82 9
32 70
90 6
80 90
75 34
98 33
97 96
~
100 5
30 87
5 84
13 51
14 8
55 0
~
100 25
32 88
25 7
7 35
65 89
22 29
82 57
67 68
91 66
26 38
69 58
38 63
48 89
42 63
50 4
11 92
15 90
69 82
1 24
18 71
27 24
66 45
35 28
17 38
24 55
58 56
~
100 16
77 76
57 61
79 10
64 6
82 22
84 40
64 97
81 51
86 77
37 84
28 40
84 44
78 10
15 58
8 25
6 31
~
100 50
23 60
1 99
7 19
74 2
87 40
6 78
46 56
48 42
74 92
13 66
40 18
57 95
66 36
6 81
20 80
30 2
51 49
44 22
7 37
22 25
64 28
6 48
98 24
38 34
95 89
13 22
13 58
94 39
69 65
7 15
47 16
31 96
35 52
55 70
0 98
27 72
71 3
27 2
86 72
51 39
73 71
52 57
64 89
92 98
46 85
62 96
70 19
66 59
89 56
65 80
~
100 100
93 48
33 69
14 17
20 66
30 91
2 68
3 91
17 13
7 62
92 91
40 33
61 69
40 83
15 95
74 30
41 68
51 17
94 53
32 52
99 9
31 8
94 15
41 81
96 36
43 61
77 34
63 78
30 44
69 35
56 70
5 3
19 27
43 15
10 89
86 73
13 13
21 64
58 20
68 74
73 93
37 24
5 8
14 17
40 14
2 89
6 6
46 63
0 79
14 65
64 11
64 43
55 56
52 98
0 53
20 47
3 31
75 31
60 17
4 28
37 88
12 93
17 59
44 18
19 50
16 71
10 60
73 58
2 71
11 95
91 59
27 39
32 20
42 74
95 0
42 21
23 26
75 68
82 24
8 73
56 14
8 45
31 8
81 75
8 46
67 18
35 50
74 50
47 46
68 90
56 34
24 68
80 8
10 17
83 98
2 59
10 72
90 48
7 67
82 77
83 53
~
100 93
39 68
78 72
76 88
50 93
58 29
32 1
63 38
65 78
53 9
18 13
32 63
72 3
15 22
85 89
8 46
51 97
47 26
26 87
6 11
91 25
38 24
76 17
68 76
19 78
98 77
85 90
16 42
85 27
95 20
45 77
45 36
21 70
68 77
84 43
59 52
51 83
35 91
18 9
39 57
8 19
58 70
42 0
60 27
69 85
47 17
36 40
87 39
28 40
81 85
78 57
48 31
28 91
96 72
48 1
54 59
57 12
80 71
0 72
39 78
30 38
43 89
14 66
30 90
58 75
3 18
37 69
80 16
43 18
49 81
24 8
27 41
78 50
21 30
70 89
94 72
1 57
31 80
39 68
2 73
47 50
0 40
25 38
91 59
68 68
99 93
8 39
61 11
71 61
20 26
69 60
56 99
98 19
8 35
~
100 76
46 20
56 25
50 47
47 9
20 45
92 63
56 28
52 98
89 93
29 19
48 57
71 85
84 53
68 88
8 9
60 53
59 31
19 98
94 0
36 31
61 3
63 39
3 67
29 95
47 81
99 63
87 61
44 74
18 9
67 61
15 86
96 79
91 80
30 35
51 24
33 29
26 48
5 98
4 85
2 2
56 52
45 91
64 67
23 28
74 9
73 59
72 36
16 91
16 2
65 52
25 62
32 48
10 64
28 54
96 68
74 29
22 19
39 83
4 27
51 42
91 64
68 11
52 62
26 30
63 97
25 21
59 2
27 36
27 28
98 16
55 11
17 86
2 32
34 3
6 1
4 18
~
100 63
14 58
65 3
84 64
43 23
89 16
98 74
13 8
8 85
43 57
40 64
23 36
86 46
30 64
35 76
62 55
54 74
96 61
89 13
99 33
12 74
71 67
94 29
6 66
54 81
9 67
38 47
86 65
81 30
49 50
14 94
93 78
59 4
73 47
71 72
14 32
55 84
54 23
75 61
69 24
28 3
55 35
73 37
67 73
55 85
86 25
33 17
91 78
4 83
69 31
18 55
13 67
93 82
86 38
87 41
71 36
59 30
0 52
98 74
3 60
67 32
0 3
0 37
94 27
~
100 72
36 5
13 91
0 29
69 86
84 72
90 2
86 90
25 43
99 32
28 17
33 84
95 75
18 11
86 47
57 56
62 6
11 27
72 38
91 69
38 62
33 47
33 10
51 53
75 44
33 60
50 86
39 73
40 77
80 0
85 53
86 5
17 26
79 14
42 59
53 53
70 49
26 71
73 54
1 25
38 34
21 90
90 49
51 46
61 70
46 42
63 60
75 15
62 55
5 67
2 42
50 13
97 50
86 69
97 61
72 56
66 16
67 93
36 37
70 24
20 90
99 77
2 18
49 40
95 13
40 20
44 90
53 26
47 2
94 92
8 84
75 69
75 35
~
100 71
30 56
32 72
38 47
76 48
70 93
72 71
44 86
95 61
32 48
0 43
79 84
45 53
88 92
55 95
69 81
67 86
59 2
36 40
32 68
6 60
47 80
18 14
69 30
67 3
60 7
16 71
73 32
23 24
29 16
98 91
34 96
28 96
67 10
42 31
62 45
54 24
99 55
4 58
69 90
59 91
86 95
38 66
82 20
48 95
88 96
20 96
94 5
37 36
66 61
22 40
93 69
37 19
7 94
65 54
75 32
76 8
88 69
86 28
64 38
71 37
60 0
51 17
85 14
16 33
33 21
7 40
5 64
7 86
17 17
54 30
32 83
~
100 91
59 74
37 31
64 87
12 77
87 6
40 5
3 89
73 87
40 71
71 79
10 84
22 84
52 4
0 15
56 59
3 44
76 74
88 67
91 93
28 91
0 77
80 15
5 0
56 79
64 13
8 40
35 68
63 59
34 0
95 8
5 24
20 84
10 22
24 36
64 8
44 70
25 57
1 5
56 90
73 56
6 49
10 11
74 0
11 25
12 2
74 81
60 3
58 92
10 6
67 71
47 32
14 77
65 22
29 78
24 9
66 86
90 37
71 68
96 4
18 83
85 1
90 34
11 21
9 21
75 12
19 91
78 11
24 43
85 45
9 0
84 19
41 4
95 25
69 70
41 49
72 95
42 82
9 86
54 77
30 59
66 86
98 34
35 3
60 71
68 57
66 81
89 60
5 19
94 23
98 35
24 82
~
100 23
33 66
59 16
14 62
84 7
30 99
4 3
22 2
11 72
66 96
54 42
54 62
14 29
39 82
5 29
29 34
96 54
71 62
74 44
42 79
96 97
29 80
68 17
68 72
~
100 49
79 68
30 57
27 75
4 79
51 44
44 70
54 37
34 89
49 51
61 99
8 50
56 51
21 90
76 44
74 36
13 73
29 57
32 85
95 16
51 62
6 86
23 15
12 3
61 47
92 86
48 60
71 5
54 61
61 43
41 23
85 10
64 90
2 45
50 82
68 68
18 16
98 81
20 27
93 87
58 62
93 60
35 55
15 61
72 16
7 29
88 94
46 58
73 12
46 51
~
100 92
57 49
13 25
36 27
52 94
94 32
32 46
68 2
89 21
3 99
88 19
22 37
20 20
4 37
71 30
33 41
28 16
77 58
81 33
98 25
92 26
60 17
76 81
83 29
65 35
21 2
79 74
91 5
59 98
65 50
26 28
59 31
68 81
38 30
93 78
22 93
29 56
2 49
69 30
67 20
11 56
84 50
14 62
13 57
95 37
13 97
51 6
38 61
63 97
32 51
52 35
73 93
63 11
87 10
84 65
90 50
88 92
0 86
57 11
62 7
13 50
85 35
98 6
97 37
77 96
12 20
52 53
26 90
94 48
80 69
48 36
38 63
65 41
34 2
27 24
85 2
95 65
40 38
35 12
8 72
41 75
93 85
3 23
69 12
61 42
71 6
39 28
70 30
71 89
48 2
61 77
43 86
65 41
~
100 35
95 49
17 23
71 60
82 16
78 38
10 35
88 69
62 50
22 23
40 27
29 81
16 33
11 19
24 39
71 85
22 20
15 86
53 35
40 6
24 52
48 73
50 67
44 66
35 97
27 54
70 24
31 2
23 38
99 77
22 57
65 82
49 9
48 4
59 19
85 23
~
100 99
65 53
48 90
21 74
32 42
22 51
66 30
93 72
77 38
77 19
67 70
57 12
55 82
74 68
52 48
59 76
87 59
51 74
51 83
30 0
83 91
63 72
19 5
38 93
87 44
25 7
73 42
12 52
73 40
85 57
34 7
84 19
50 20
63 4
61 88
5 16
38 45
20 16
27 51
80 60
16 14
82 84
30 82
73 25
8 32
4 85
1 33
69 13
27 85
84 85
8 73
70 9
91 92
87 25
85 99
82 42
84 47
81 80
31 15
69 4
35 58
58 3
62 25
66 93
75 45
26 10
42 80
26 67
32 45
18 93
44 57
85 7
78 0
13 13
84 1
6 91
32 9
0 74
14 28
39 61
18 53
62 20
32 23
84 46
58 40
32 91
41 3
7 88
96 16
30 81
53 75
2 59
81 65
9 48
67 90
97 48
52 16
59 70
69 58
4 97
~
100 69
4 74
11 68
90 82
15 64
68 81
98 53
14 89
9 99
99 29
56 89
70 59
18 72
98 77
31 95
14 18
6 0
86 51
21 68
81 18
22 15
48 9
95 90
1 37
43 6
7 65
10 2
65 26
3 48
25 77
25 40
31 43
93 92
94 63
77 39
42 1
35 85
43 18
47 50
61 4
95 94
76 79
38 44
46 37
31 82
7 74
55 53
52 2
4 85
95 75
15 27
81 65
20 45
25 8
20 10
89 18
64 91
15 69
84 9
94 16
98 83
16 48
41 2
93 32
56 59
9 41
19 73
51 85
36 73
96 72
~
100 54
98 62
53 13
24 27
55 40
43 60
27 97
59 81
43 47
11 84
47 29
62 50
51 25
97 72
18 42
79 77
34 74
30 56
99 8
62 1
20 19
11 5
83 86
26 86
92 92
51 55
10 39
46 55
85 81
43 43
63 0
44 19
40 55
73 58
87 12
73 89
76 39
0 96
39 26
63 74
62 11
56 46
86 63
98 86
50 88
39 69
64 97
20 88
72 88
84 28
94 53
33 62
95 77
84 10
59 74
~
100 60
77 78
13 36
74 29
79 43
27 18
24 0
93 78
61 94
16 69
45 3
36 39
91 82
16 78
22 17
27 60
52 70
53 59
99 28
90 30
65 9
54 85
87 95
36 72
44 92
88 99
14 58
55 58
86 99
40 56
8 48
38 61
82 88
83 21
45 52
59 29
95 60
66 80
23 80
58 90
70 40
12 23
32 97
36 59
98 69
46 49
93 9
72 30
86 9
38 8
15 15
17 75
47 64
51 90
58 63
90 92
91 35
91 68
17 20
33 35
83 9
~
100 70
14 43
48 0
84 82
64 48
57 86
79 7
30 91
88 94
63 38
72 76
79 95
45 14
51 6
46 78
49 65
72 2
94 44
72 67
42 25
23 65
3 48
22 78
1 69
42 31
12 53
86 97
30 99
38 96
18 48
84 76
50 0
21 61
65 95
39 24
44 62
56 66
6 79
13 57
5 84
68 57
75 46
43 9
69 53
90 10
79 41
26 71
24 9
47 53
64 79
59 64
35 47
4 51
55 1
72 41
72 76
47 25
87 40
61 39
69 74
8 51
6 71
88 82
77 78
49 42
22 62
29 23
74 95
47 47
1 56
3 38
~
100 42
13 58
78 73
41 81
60 9
79 5
40 93
65 65
34 21
61 96
85 31
23 33
4 97
86 64
35 56
62 1
91 33
31 59
17 95
4 62
84 13
78 33
20 2
70 47
30 78
40 56
62 11
58 6
24 20
0 41
86 93
25 12
56 43
62 68
65 0
1 54
58 22
21 8
29 88
16 4
7 86
1 73
40 47
~
100 80
42 70
36 85
64 65
82 0
34 94
47 42
46 7
37 48
55 10
83 18
86 20
32 46
97 16
93 26
22 48
14 14
15 39
16 17
90 59
86 19
52 41
97 35
21 47
13 49
50 73
88 83
26 79
45 88
70 46
89 97
17 69
17 39
54 66
9 9
79 13
94 70
5 36
26 5
25 80
96 57
47 87
78 23
57 14
31 82
23 57
48 61
8 80
90 78
43 96
9 67
62 63
28 49
87 0
77 17
94 95
50 66
6 31
68 14
11 53
26 52
71 88
81 30
48 45
27 8
50 13
22 36
5 32
35 40
8 52
2 65
63 35
36 29
3 94
86 64
20 50
91 74
23 15
17 16
93 55
52 15
~
100 99
8 0
89 42
5 24
75 65
93 2
78 9
69 73
43 73
39 5
80 24
52 49
36 67
56 95
31 2
54 16
40 96
45 33
32 82
21 65
34 10
27 20
49 9
88 9
54 33
67 75
36 30
61 17
42 83
36 95
51 73
84 63
4 72
1 99
3 1
13 57
45 15
65 12
4 76
77 21
23 55
21 26
36 16
1 42
80 35
90 14
84 36
2 1
9 74
20 82
8 75
68 93
20 4
28 11
69 97
8 80
31 31
86 98
82 60
26 64
19 7
20 22
70 28
31 99
77 70
89 76
49 55
99 95
88 52
7 28
99 54
12 86
69 73
86 78
11 15
41 51
77 66
42 37
85 53
76 87
7 16
37 23
29 59
42 46
87 25
38 19
85 9
9 32
12 76
84 26
59 32
45 4
19 73
77 91
33 19
40 24
14 51
32 10
47 41
24 90
~
100 48
37 95
53 81
84 49
41 54
93 89
18 26
37 59
10 98
4 21
19 19
5 13
95 68
4 85
66 5
26 93
0 38
61 28
9 42
12 61
97 34
96 12
75 45
20 66
93 45
55 41
77 45
93 43
82 48
55 76
34 2
10 62
11 86
52 89
43 20
25 12
44 8
73 6
28 14
47 32
98 71
73 13
57 48
33 35
28 18
72 98
66 70
88 27
83 62
~
100 21
79 91
35 90
80 91
80 68
66 17
31 48
85 4
10 32
23 4
97 78
85 70
58 7
83 63
37 30
43 41
17 27
34 2
3 48
77 5
38 13
61 31
~
100 59
59 78
79 37
18 93
37 91
87 12
7 96
99 66
63 67
6 59
35 25
22 29
31 40
76 32
15 86
55 99
37 25
86 87
91 15
8 55
84 61
54 29
31 76
77 96
92 56
89 11
16 69
41 52
51 30
84 69
80 40
99 27
75 27
71 75
33 86
98 14
89 9
41 67
66 58
53 92
82 29
23 94
53 17
72 61
9 54
20 67
84 36
1 6
70 55
92 67
28 9
68 50
73 30
18 19
29 82
27 79
76 80
19 92
20 21
58 89
~
100 30
58 70
30 75
22 37
63 53
71 31
10 93
60 53
50 68
87 83
69 63
9 51
61 62
34 31
50 12
9 93
43 51
19 88
20 30
67 34
38 68
30 5
41 71
27 10
38 48
10 12
88 41
41 28
9 40
48 9
32 22
~
100 34
59 37
24 86
0 18
84 13
10 9
7 56
69 24
70 51
79 19
71 90
47 72
65 71
88 75
91 12
10 29
4 21
57 59
7 65
64 39
37 61
99 62
3 73
81 42
58 18
20 1
68 23
34 79
29 68
73 49
70 48
58 22
40 53
7 6
72 2
~
100 81
77 14
56 90
89 67
69 35
39 64
65 17
32 84
33 23
50 93
18 48
24 45
10 85
50 74
58 16
46 4
35 14
92 70
56 23
59 92
96 60
48 11
12 34
35 73
13 32
56 7
59 32
75 29
52 86
42 77
10 82
22 98
74 5
97 21
75 61
44 77
42 92
29 87
96 26
74 5
49 14
55 85
6 31
43 81
25 67
50 81
70 47
19 90
58 56
96 80
4 86
95 38
24 99
61 37
63 66
54 92
66 64
31 34
94 99
83 33
12 30
17 14
47 80
60 68
91 12
20 50
50 96
33 31
92 20
17 4
83 82
19 89
84 8
25 59
73 17
53 69
35 16
80 33
31 1
46 61
76 21
86 31
~
100 72
80 53
93 31
69 93
56 2
54 88
64 24
12 0
91 74
13 85
14 5
4 26
89 96
82 49
9 19
31 37
88 74
46 60
39 22
20 76
62 18
45 53
65 72
9 14
22 77
7 89
3 38
76 7
26 29
50 48
62 87
61 42
7 11
86 65
61 11
26 42
77 46
13 84
49 46
71 44
5 78
67 10
85 14
14 29
52 33
19 63
54 80
1 25
11 22
47 85
96 80
39 28
25 77
92 51
19 28
38 60
90 21
48 70
55 13
8 22
68 30
19 55
92 66
41 1
9 91
31 80
27 39
78 58
87 25
11 38
23 36
54 90
56 2
~
100 64
1 81
47 12
70 6
55 3
28 60
10 46
42 43
22 88
49 46
2 73
15 74
17 14
34 17
17 66
86 4
97 8
71 47
93 55
54 88
92 42
89 27
42 11
77 16
63 59
64 94
76 82
4 58
93 33
66 42
18 23
86 4
30 63
23 14
25 32
10 68
41 98
55 0
27 42
62 92
51 35
74 17
5 70
24 39
45 87
8 46
53 45
93 15
10 0
73 53
20 77
61 93
18 45
17 0
94 74
40 64
64 98
67 46
29 41
96 46
81 13
65 19
1 56
61 61
91 7
~
100 51
16 19
92 91
72 19
84 4
25 1
14 12
51 67
10 71
86 56
31 32
34 21
4 59
35 38
16 71
27 14
59 50
32 60
18 42
43 60
31 88
21 45
75 37
34 9
61 20
87 90
79 99
24 5
69 82
77 40
84 26
24 0
17 80
4 17
63 43
4 70
58 16
76 19
5 32
91 84
17 61
80 71
66 25
90 86
7 30
38 83
29 22
60 51
97 53
20 92
39 17
83 91
~
100 90
72 88
46 51
5 92
2 6
8 38
3 37
27 79
66 69
45 24
43 19
45 72
21 35
24 9
23 61
42 67
52 67
18 39
49 3
83 72
25 74
53 11
86 9
45 56
62 90
74 54
25 58
5 87
77 82
86 78
13 14
54 72
30 90
87 48
54 51
91 56
95 16
94 97
92 69
10 87
79 95
3 21
67 22
98 97
34 83
42 79
61 23
82 10
47 8
54 52
80 20
72 67
35 83
4 40
86 8
47 27
27 28
97 67
74 23
85 91
62 31
69 77
69 42
74 54
13 90
33 30
47 74
63 57
21 48
62 23
34 17
0 0
76 85
87 43
19 40
14 48
72 4
83 79
68 67
73 3
50 27
48 38
11 45
23 3
41 67
21 10
69 93
72 51
5 82
85 77
0 94
~
