10
1000 1000
443 266
179 516
992 442
151 910
387 411
239 20
109 308
129 960
788 961
356 381
594 497
411 976
53 981
692 232
191 555
413 810
191 802
999 840
520 118
517 883
760 134
830 478
595 804
185 557
513 125
537 878
142 274
81 374
376 342
65 23
390 153
370 313
751 716
911 335
121 750
500 683
915 879
179 421
29 99
229 343
54 673
590 381
46 476
132 555
13 377
337 751
436 562
679 857
131 107
979 536
146 156
541 879
644 230
263 575
185 289
629 871
107 796
668 234
771 366
749 16
365 846
723 567
673 710
603 75
323 726
908 291
173 886
640 430
955 354
466 678
672 973
544 388
424 40
794 325
613 786
979 716
510 860
776 631
740 101
431 830
767 444
506 761
681 532
820 993
305 77
579 82
699 256
390 71
669 67
97 87
933 542
55 7
49 653
991 184
111 671
474 610
351 254
292 184
214 120
825 918
596 37
267 681
536 442
609 255
954 430
417 495
225 179
536 473
727 575
273 8
161 627
69 599
947 732
659 43
380 944
497 487
254 299
905 149
825 107
430 740
375 801
697 605
747 745
239 323
574 99
630 201
259 683
808 446
876 878
870 431
691 806
161 372
845 743
669 238
500 99
576 718
13 435
593 18
426 488
4 460
0 49
245 403
675 749
74 190
672 739
134 990
419 240
404 707
923 137
985 242
635 930
93 846
858 478
563 877
949 231
462 20
699 136
710 565
746 10
276 799
320 788
763 135
204 983
599 790
22 136
379 3
829 687
981 707
655 192
308 174
374 695
733 227
513 426
258 183
640 386
845 706
557 82
12 594
287 578
685 381
360 982
483 440
817 123
569 509
829 194
871 141
124 409
731 306
569 869
993 65
125 300
702 734
29 331
9 176
970 3
548 630
136 801
178 786
401 566
209 461
18 988
697 627
919 634
389 641
371 2
194 100
34 913
94 403
370 295
524 464
390 272
636 387
230 74
144 512
444 8
508 162
848 198
645 487
542 605
438 774
174 17
550 951
797 586
758 162
658 928
730 122
284 138
191 427
274 401
540 474
946 248
563 676
622 31
977 890
683 289
92 715
220 690
621 826
448 253
222 154
959 996
982 359
986 553
706 455
580 269
94 537
203 752
333 692
395 584
829 851
326 693
591 631
428 916
606 246
313 514
269 683
16 925
733 926
898 509
935 102
676 520
16 875
111 558
195 361
137 74
283 626
749 26
504 851
934 481
417 578
90 11
476 982
325 953
618 655
483 198
422 928
306 576
847 978
166 907
388 531
567 602
752 319
673 232
351 933
91 519
535 430
306 351
674 977
294 512
907 387
108 619
735 957
198 54
78 646
161 543
873 442
85 323
831 347
42 527
979 832
697 55
152 259
320 645
720 991
851 316
512 577
903 437
696 70
224 386
531 222
254 409
170 31
75 580
53 133
472 863
956 657
769 697
795 64
326 742
261 341
300 268
754 921
131 356
692 914
312 356
510 594
206 259
518 929
601 300
525 950
340 927
948 522
307 940
473 389
115 226
202 205
1 855
361 732
120 48
593 225
999 403
656 730
306 43
254 929
247 764
61 612
692 144
569 394
760 402
761 90
543 952
238 222
226 150
700 96
798 225
64 508
875 88
785 375
744 986
665 750
741 676
581 481
338 442
763 705
254 49
412 336
66 978
322 961
695 417
12 648
925 262
24 890
910 556
352 584
10 512
600 808
564 788
950 461
220 485
195 48
671 970
121 838
972 630
430 684
112 736
248 97
325 344
953 195
358 68
222 261
422 317
698 447
874 740
136 70
348 673
856 246
337 373
153 621
381 205
561 49
630 306
929 933
190 623
53 176
389 779
130 551
902 600
320 404
584 595
282 534
792 909
227 747
30 121
252 252
781 39
740 176
383 216
55 955
776 987
82 512
153 728
757 445
737 763
153 646
55 930
405 996
994 67
812 464
508 360
729 611
189 900
782 575
956 907
193 811
939 828
824 43
716 2
118 479
974 476
375 301
325 50
464 537
993 825
674 932
213 192
609 890
755 596
760 992
382 169
391 390
136 42
320 610
197 114
942 965
799 916
951 658
420 536
524 156
125 760
598 455
336 770
555 826
928 134
1 563
907 450
267 659
349 956
402 140
324 696
829 64
995 459
107 700
578 399
824 557
94 23
927 425
749 902
336 466
293 563
394 350
765 552
146 666
700 475
157 793
113 196
250 711
642 520
859 875
489 462
477 829
668 968
30 3
540 748
895 402
728 363
83 115
867 857
231 236
139 935
697 425
492 718
390 691
420 717
478 488
824 972
771 66
447 681
763 204
245 587
353 307
715 822
235 546
109 175
127 504
452 944
927 517
373 253
0 259
377 704
797 74
934 530
633 678
631 523
541 741
920 588
702 860
796 427
43 489
66 128
549 150
485 845
7 12
884 610
545 55
89 570
600 97
157 552
632 385
20 822
804 557
997 736
805 589
885 172
722 258
68 764
687 935
456 720
889 551
601 485
128 495
501 443
766 181
276 878
743 450
478 410
249 452
428 437
239 567
725 783
744 556
122 413
301 394
644 615
780 397
548 694
958 308
923 418
431 647
291 931
815 217
702 623
828 458
613 915
147 640
124 725
143 320
220 362
864 143
929 387
144 814
501 941
186 229
428 97
452 974
418 561
407 574
986 228
820 768
401 820
922 275
490 502
437 340
802 714
720 343
23 324
774 690
917 745
605 378
225 582
549 339
553 894
648 186
459 338
226 501
854 614
755 173
63 282
938 411
756 694
316 697
702 985
182 378
698 52
647 116
352 178
393 845
112 251
610 796
850 961
838 473
21 651
783 888
683 40
751 946
955 414
349 989
878 668
671 621
501 388
151 650
451 229
449 524
424 536
540 228
181 145
6 893
631 401
317 747
254 722
932 595
485 570
314 779
991 403
338 395
431 402
830 964
456 47
204 104
799 4
254 547
846 442
37 432
395 688
6 391
280 6
168 629
347 281
188 940
849 959
534 301
503 629
571 587
673 911
939 938
998 801
281 432
836 603
561 690
936 994
442 306
97 77
564 552
62 716
515 423
860 608
868 170
20 423
671 894
469 911
190 377
230 725
789 571
438 654
699 428
168 613
856 454
873 854
87 29
828 700
550 188
728 126
507 226
200 558
761 805
811 333
284 165
453 857
586 269
542 585
898 101
914 499
889 411
144 227
890 115
63 943
421 812
526 256
876 389
474 396
722 249
269 434
269 975
309 701
118 300
635 429
327 93
213 186
284 64
207 890
988 866
397 205
898 878
388 15
423 740
490 183
234 769
706 509
291 174
420 881
244 59
269 417
177 717
323 867
730 541
28 204
350 731
912 440
922 283
51 620
851 823
879 287
456 917
122 824
211 290
324 372
458 479
132 519
201 443
715 85
786 354
105 337
504 317
438 414
80 233
852 789
424 340
955 894
117 325
45 377
688 548
844 271
432 42
672 973
638 978
541 970
189 256
300 657
233 928
953 785
825 482
422 282
896 925
477 378
424 938
139 442
400 99
180 27
944 771
473 756
289 647
473 304
547 78
311 804
881 333
184 327
792 861
760 293
808 137
726 933
922 475
132 257
819 23
51 973
943 538
951 812
442 476
95 224
875 732
129 617
514 922
75 936
251 979
700 284
731 464
124 637
330 737
585 799
906 328
627 568
791 456
587 357
176 184
976 754
597 138
649 210
753 554
250 862
882 523
137 456
255 859
616 923
777 66
656 547
413 951
291 619
488 252
227 343
596 419
362 270
779 297
297 197
481 778
853 240
238 725
334 745
996 897
58 342
495 352
570 487
347 755
339 821
906 431
784 457
829 990
254 732
354 288
96 162
368 4
404 21
47 594
389 359
827 619
523 104
427 563
688 337
44 533
355 687
92 39
3 357
492 632
100 291
973 432
438 195
574 407
711 118
676 753
693 938
644 991
601 463
621 441
128 18
794 540
604 921
734 206
226 737
296 778
797 380
617 896
11 351
588 787
262 955
134 298
6 161
902 911
29 332
534 580
916 258
442 888
260 43
697 604
863 493
906 554
455 391
449 160
103 493
618 409
226 148
604 477
688 214
314 203
760 511
262 812
370 753
863 689
788 693
181 447
456 563
546 482
404 996
35 248
602 382
663 928
289 896
607 779
164 711
79 849
265 152
76 583
412 166
951 216
565 630
97 33
79 314
695 545
419 523
816 961
460 354
515 697
820 288
143 3
688 77
958 299
391 222
121 119
561 666
858 900
949 272
462 434
171 153
393 120
27 955
407 946
230 713
992 762
404 997
547 494
117 703
734 393
276 883
949 187
632 694
529 101
981 849
235 800
4 225
401 278
902 557
296 396
294 962
628 101
303 117
331 210
371 951
216 201
967 877
751 636
811 888
932 412
222 249
713 61
913 874
807 555
3 786
381 45
101 647
287 82
303 792
649 353
507 683
700 189
495 69
895 625
113 160
522 48
375 178
903 224
604 252
419 112
666 679
963 407
236 46
858 303
866 824
58 435
339 36
41 748
342 675
622 554
386 392
852 921
~
1000 1000
127 995
918 842
844 942
603 572
747 167
757 378
577 176
948 990
138 131
761 814
357 114
119 199
203 798
580 976
310 734
425 640
920 179
46 9
1 569
754 719
318 761
345 92
606 789
263 366
550 987
363 860
39 757
304 325
990 664
56 913
397 308
538 204
105 331
446 672
276 958
750 801
131 860
951 231
634 372
224 512
910 550
347 21
307 309
289 534
831 79
979 239
527 736
46 77
250 635
687 780
699 203
31 459
154 985
744 859
804 687
817 971
546 332
367 287
304 849
261 234
535 276
220 370
877 378
526 651
139 931
512 367
135 136
295 28
571 776
996 742
94 692
746 983
466 199
487 196
613 194
658 690
660 303
988 265
221 332
114 711
540 642
538 472
48 559
27 773
782 225
154 802
847 620
43 949
662 902
876 131
348 432
248 165
447 95
203 196
168 197
201 40
901 82
788 519
735 78
974 884
404 443
307 662
703 207
994 195
574 312
646 485
452 619
752 779
352 942
120 515
695 308
972 47
654 913
391 941
554 199
901 251
731 432
182 99
670 157
146 979
90 654
12 729
237 547
986 653
816 18
939 351
72 274
866 66
911 688
955 945
466 0
603 386
812 6
916 128
52 909
833 253
82 40
903 111
79 743
253 530
725 620
734 375
405 135
348 132
536 311
191 123
800 530
894 567
376 174
53 845
289 408
183 128
870 934
814 727
186 776
114 618
649 396
518 339
164 203
905 970
841 805
683 540
411 36
382 932
133 760
8 658
117 102
46 180
991 151
722 450
134 414
688 54
906 114
878 540
655 61
818 470
51 84
960 875
290 808
164 81
245 708
605 984
872 407
595 841
195 164
171 695
28 161
352 133
34 894
108 585
245 494
623 679
444 874
422 816
727 868
128 540
319 849
845 854
722 243
497 312
683 30
184 727
874 561
505 79
480 511
144 626
134 559
879 877
910 560
644 900
377 977
953 999
946 368
832 76
436 34
205 184
872 691
121 584
977 821
804 581
444 326
795 895
657 509
402 737
623 646
307 670
960 863
808 841
936 801
613 771
612 939
666 441
392 443
520 84
706 727
233 486
573 819
44 865
680 411
337 858
673 756
803 286
564 294
420 379
8 340
573 834
683 87
918 68
93 472
786 427
331 261
727 802
501 358
285 159
666 992
548 536
666 329
91 148
805 5
6 852
170 761
576 10
146 878
953 672
502 776
274 515
654 912
783 1
771 662
243 106
447 787
690 228
588 998
843 505
203 702
573 196
574 495
821 817
95 680
324 325
899 549
205 406
841 368
688 948
679 573
360 185
919 533
444 852
710 212
372 380
806 127
154 971
124 792
916 89
764 901
839 259
11 797
446 628
358 124
987 970
969 49
716 580
43 6
514 723
984 537
862 878
30 225
805 506
404 786
646 969
376 380
97 403
248 648
35 323
803 646
711 324
834 403
263 627
377 414
627 614
810 197
904 413
123 212
837 984
982 502
667 146
827 462
723 844
769 888
116 413
842 596
989 657
448 603
360 135
618 237
535 695
804 234
499 643
934 271
123 286
875 548
810 619
540 531
60 367
414 348
778 129
202 447
132 849
436 665
775 527
222 690
15 829
334 574
287 608
837 860
22 987
313 187
244 932
309 403
317 915
775 51
981 16
747 639
85 404
638 796
917 3
14 31
99 345
680 802
315 123
113 633
687 359
745 269
384 710
989 934
654 128
356 838
92 625
101 811
208 59
111 21
602 76
416 410
610 425
338 550
271 780
339 287
525 298
68 528
447 583
804 179
22 342
414 437
120 892
328 181
956 709
589 21
285 33
918 556
165 24
788 106
252 19
457 718
737 165
160 285
360 802
42 236
165 286
883 696
248 993
716 859
274 410
562 290
831 778
838 164
99 179
191 878
994 56
941 93
547 15
583 516
156 620
55 631
84 383
684 814
765 185
225 302
129 915
196 516
975 456
634 132
77 700
225 625
872 420
934 318
434 64
879 548
579 375
564 933
803 753
418 880
135 267
879 862
50 671
413 669
630 826
521 930
251 18
715 997
671 719
339 263
902 688
42 831
940 178
119 445
369 677
435 567
229 120
999 931
52 518
44 907
115 888
619 695
564 725
470 224
814 567
430 841
17 728
279 163
264 221
105 209
855 362
769 201
559 166
39 404
944 761
136 207
87 491
575 835
985 182
512 194
670 662
310 396
328 952
14 233
214 9
506 231
125 944
666 694
742 839
752 146
22 630
491 201
450 25
175 262
969 836
851 381
174 11
915 312
414 518
887 81
791 53
603 561
298 24
360 616
874 955
27 294
909 520
356 105
907 197
498 624
300 599
406 144
743 167
781 940
873 52
217 635
242 481
42 677
750 593
761 117
386 568
278 413
950 980
891 255
106 484
992 536
252 848
80 962
129 993
508 906
865 873
78 406
616 430
305 867
418 339
767 471
887 584
291 114
48 564
8 642
873 984
937 887
119 813
763 900
259 897
296 32
503 158
453 564
441 883
703 389
726 111
721 68
625 683
449 508
364 447
603 75
133 264
910 69
989 729
254 678
702 831
945 415
763 849
615 859
348 64
379 697
889 220
415 420
487 623
199 906
849 502
252 786
457 508
621 906
975 985
873 368
433 596
552 119
804 285
442 164
377 814
79 289
916 138
393 929
769 942
55 893
712 759
212 287
123 445
847 262
445 367
852 393
837 999
347 479
114 191
871 6
210 516
378 395
302 497
879 346
176 487
664 789
184 948
25 818
979 346
196 504
22 122
639 835
169 696
91 801
207 297
750 731
700 330
916 752
336 394
545 6
52 419
970 650
290 261
380 898
586 260
877 202
426 427
434 356
94 584
681 659
81 954
144 337
810 728
933 527
330 852
815 902
380 977
285 268
542 745
950 937
376 617
160 194
795 152
349 741
452 942
75 830
296 746
331 178
674 263
37 698
619 288
25 146
553 409
985 938
243 448
389 997
420 323
687 57
894 795
712 662
418 290
835 594
669 114
41 188
604 30
364 207
795 349
32 434
370 43
46 462
258 42
267 959
967 130
392 102
446 84
372 374
112 997
583 270
39 497
984 495
249 670
418 503
243 307
602 117
736 752
740 606
402 431
902 358
136 100
581 379
729 674
319 23
831 206
777 844
503 727
322 277
201 366
303 234
371 666
488 900
267 719
475 642
820 912
296 316
456 307
389 438
511 613
762 639
439 141
8 106
485 333
197 364
691 150
419 88
842 323
891 840
682 441
491 580
912 709
968 839
94 438
784 568
121 413
662 839
279 803
395 49
128 2
899 942
592 62
535 720
113 637
225 111
877 956
325 931
100 740
813 57
395 190
797 329
375 747
425 359
264 271
660 705
369 886
3 313
183 991
249 292
664 360
124 545
853 850
879 942
835 623
249 216
575 570
830 713
416 982
373 55
554 169
658 770
167 529
765 902
617 64
994 466
230 941
666 24
322 555
891 598
819 365
139 380
257 434
114 520
341 646
113 670
108 665
237 516
739 172
121 252
989 793
267 339
339 754
685 618
331 742
695 619
317 671
795 575
706 110
177 981
341 963
164 301
598 240
917 646
629 750
295 493
268 699
931 583
776 642
156 217
641 930
157 997
848 940
513 103
825 79
451 369
561 854
496 397
569 453
514 905
332 360
887 943
293 845
681 69
117 298
807 595
348 954
811 691
189 964
37 926
463 292
897 156
240 863
596 292
973 641
677 469
904 257
17 435
850 143
47 639
425 420
582 648
723 419
955 167
675 999
791 890
339 550
73 854
571 764
96 674
633 683
420 90
194 929
485 529
128 282
852 171
861 95
873 858
446 247
252 855
363 230
488 660
278 196
908 943
74 727
148 889
86 307
56 415
770 256
307 833
889 493
591 746
768 108
520 360
838 669
966 460
637 232
214 555
815 118
858 870
756 151
584 95
436 249
497 670
527 47
484 75
141 88
754 716
819 402
115 409
627 230
425 654
368 582
578 249
128 52
284 124
186 829
916 573
497 94
24 509
618 573
926 870
459 923
732 937
709 385
162 846
412 17
556 380
988 710
869 532
494 975
72 394
419 711
944 27
960 433
443 861
683 730
835 955
132 167
213 696
391 857
917 399
202 662
586 552
650 514
357 85
139 478
712 637
536 215
613 977
151 706
700 158
456 647
785 418
552 531
253 858
73 315
316 148
180 110
640 584
66 818
996 404
927 161
826 784
944 685
617 295
807 362
802 32
860 843
874 467
286 272
972 184
290 182
280 828
403 383
143 861
739 372
488 641
593 937
32 266
4 624
565 44
839 464
588 154
909 70
108 430
774 724
323 776
67 578
407 992
567 283
583 39
126 858
451 67
818 564
617 786
868 0
354 570
496 84
500 397
876 937
785 986
866 538
624 634
683 784
50 849
543 922
584 278
547 651
252 308
618 45
165 713
15 173
254 407
737 606
41 905
520 51
808 241
815 367
724 336
211 7
10 189
75 723
835 169
273 520
706 874
720 993
91 759
109 200
827 139
627 495
315 790
930 644
136 577
288 717
376 120
282 151
~
1000 1000
997 460
84 886
86 114
136 464
79 94
956 34
181 532
679 296
775 776
405 222
26 436
913 413
643 570
50 635
858 803
481 281
13 696
362 459
226 711
993 107
618 720
335 103
746 679
205 909
788 909
952 108
942 963
606 212
416 382
584 713
587 865
720 924
737 815
876 267
904 65
188 538
19 855
737 985
770 122
726 111
305 785
788 248
431 690
864 364
991 524
472 856
276 594
166 464
529 91
467 677
438 783
624 771
426 957
985 703
229 443
539 439
677 701
72 818
693 746
104 810
656 163
938 511
236 710
12 822
500 914
615 905
446 443
230 753
967 832
240 897
236 803
732 589
474 145
909 538
992 691
998 728
611 820
151 974
378 204
473 5
212 796
511 943
839 891
421 585
218 481
605 447
501 26
648 183
479 653
738 673
960 125
241 453
809 599
383 13
912 341
22 253
672 139
915 96
201 713
174 69
739 416
825 618
33 744
423 311
228 952
712 798
61 848
90 713
648 28
81 549
181 49
690 198
872 926
532 444
875 691
489 700
3 108
52 145
976 556
682 452
633 588
86 570
824 931
752 5
977 450
334 974
593 600
998 937
252 28
938 913
343 417
853 366
232 847
773 612
235 263
377 14
894 223
757 883
375 183
532 912
861 867
869 294
620 162
257 493
700 670
420 977
380 917
546 420
99 807
724 916
384 241
947 102
891 410
564 251
444 148
685 250
578 629
823 527
870 943
572 283
89 196
67 883
362 254
409 373
493 749
443 496
529 530
89 515
721 53
221 730
53 874
564 764
625 441
972 536
479 654
767 953
737 606
446 728
33 459
234 433
516 857
711 336
372 210
827 214
158 175
77 918
364 145
9 589
715 895
499 194
951 208
225 777
949 179
230 614
434 301
140 201
954 363
115 501
219 97
903 317
499 922
894 193
599 712
115 93
471 471
996 451
390 557
123 259
942 156
267 727
203 52
504 276
342 691
948 830
437 206
856 411
721 788
840 546
280 368
538 37
804 696
928 573
964 853
356 62
682 594
44 331
813 487
726 346
895 80
149 475
994 130
12 5
246 158
722 978
598 106
191 876
772 523
167 368
674 287
149 242
355 435
921 697
568 352
229 100
815 891
524 901
458 357
188 5
484 304
989 568
737 420
242 226
182 256
760 954
118 717
213 855
55 207
435 177
141 893
461 153
749 604
825 882
692 183
759 545
521 546
265 940
553 78
419 168
290 87
860 997
962 341
285 581
168 864
762 667
730 95
895 745
793 355
373 741
930 639
358 388
199 627
509 495
662 282
936 173
568 24
26 473
4 256
893 565
684 172
253 144
673 214
27 116
27 863
504 107
235 959
640 523
37 644
929 247
816 806
804 177
168 498
763 900
806 366
588 343
421 789
365 591
136 938
608 363
747 202
817 390
504 413
518 336
539 814
766 990
831 323
821 276
762 759
911 880
598 542
178 681
570 489
962 72
585 995
951 581
929 562
697 845
695 474
231 674
656 471
276 292
123 313
275 263
166 709
253 21
374 162
497 973
75 400
83 732
619 616
855 259
533 560
560 504
905 422
204 778
22 535
514 800
940 224
480 553
716 605
446 545
493 800
166 74
560 540
640 489
133 466
913 811
967 860
532 712
758 432
493 351
556 352
249 242
363 8
305 331
660 591
785 686
914 841
68 769
169 44
722 578
393 249
741 584
624 14
152 124
15 26
337 489
322 848
353 354
302 120
113 403
999 858
279 755
663 101
873 1
422 863
753 4
958 405
210 383
342 461
290 941
498 386
536 984
600 304
872 721
502 449
53 507
179 328
735 841
363 435
509 410
127 374
404 625
524 110
984 178
410 995
299 673
864 969
916 861
191 888
265 166
308 459
304 75
329 431
210 879
470 669
929 332
772 73
148 608
315 43
753 328
565 526
98 146
602 735
555 463
269 656
858 897
894 46
296 465
330 24
327 813
272 361
109 496
294 272
168 362
459 85
226 425
829 319
551 192
799 380
861 671
531 480
156 131
38 610
253 967
508 315
655 667
121 808
816 93
843 938
521 909
380 156
374 454
836 525
932 25
142 567
427 755
354 887
766 163
811 54
656 565
409 399
634 778
506 346
307 707
324 392
903 52
567 912
186 630
505 418
383 335
849 234
940 613
632 527
473 529
653 788
777 865
256 958
647 25
209 511
165 619
786 843
953 668
642 977
449 793
667 852
456 193
39 283
345 677
870 630
236 686
67 418
143 477
24 790
415 833
383 575
927 340
27 81
647 647
294 479
201 247
908 108
112 912
128 891
842 697
629 84
352 24
695 593
75 632
139 352
601 704
477 81
224 702
297 554
906 492
508 49
42 689
491 746
183 883
131 202
654 195
380 595
596 322
704 160
916 795
704 684
510 920
305 310
409 74
594 296
522 947
938 56
293 278
664 54
908 578
898 95
566 83
810 58
545 361
862 241
267 53
343 178
317 73
749 510
626 447
296 225
462 373
1 68
834 871
355 832
703 709
108 492
81 199
593 416
23 775
537 690
983 726
592 881
375 601
55 433
42 509
66 847
335 137
250 229
800 947
476 71
858 605
274 975
32 313
848 502
421 203
697 100
250 758
203 195
444 418
1 103
849 109
248 88
853 687
764 114
120 450
155 116
66 369
506 705
970 120
375 36
308 133
838 567
737 94
912 638
387 820
33 975
33 558
402 460
207 16
526 805
209 252
968 127
666 186
517 506
776 781
726 90
195 830
361 387
142 533
671 315
12 109
593 314
295 328
303 61
157 426
50 884
44 922
707 688
400 247
315 9
282 79
900 87
163 637
960 664
185 108
345 521
769 903
792 584
438 51
410 178
408 536
751 136
625 651
613 735
884 592
509 816
183 262
884 341
3 139
164 701
609 9
548 834
975 897
502 753
212 824
160 146
72 967
37 153
439 632
908 323
679 805
305 725
128 274
803 50
612 70
870 307
719 591
113 252
361 564
731 293
929 670
746 726
364 729
220 494
534 679
265 862
217 15
744 113
556 684
74 463
829 408
36 258
770 435
321 361
829 687
551 875
694 6
736 726
445 301
212 921
216 74
573 646
569 893
699 788
932 59
25 20
599 209
224 370
115 519
898 167
387 594
634 213
99 710
986 914
578 780
685 232
810 25
166 556
216 959
105 294
279 592
200 976
42 535
288 659
58 746
790 726
988 461
716 753
527 360
496 569
972 269
215 964
671 130
598 896
813 510
33 214
342 401
896 477
917 836
454 412
998 948
155 752
456 473
901 144
618 388
555 700
707 488
442 389
404 455
404 17
353 616
853 334
657 840
551 553
393 800
313 887
288 421
139 540
22 125
357 73
806 760
825 828
502 165
839 747
948 759
799 928
539 968
532 708
783 653
895 53
509 193
217 610
375 854
565 577
558 993
853 966
545 766
260 895
253 805
476 317
957 427
217 526
948 27
870 361
72 278
30 481
482 329
189 542
195 863
241 864
578 198
451 213
315 462
722 733
497 63
722 581
879 74
73 521
28 35
498 821
133 781
350 461
168 599
247 451
174 526
887 361
768 635
353 711
85 526
61 992
642 531
850 289
188 708
463 281
170 847
882 351
830 762
157 200
62 172
310 840
62 853
743 843
688 280
589 860
382 336
804 438
271 722
890 162
377 570
467 528
639 560
854 721
587 139
741 563
68 294
130 646
635 475
728 208
75 422
721 28
528 964
231 265
377 851
12 423
968 754
613 868
106 117
308 665
314 834
837 999
499 224
524 382
390 257
981 238
536 660
979 855
792 640
301 479
824 750
214 802
737 591
645 959
884 6
437 960
486 926
397 74
539 831
138 222
383 989
619 838
320 602
357 180
312 294
728 440
115 564
562 993
252 334
291 183
692 259
105 814
61 424
589 780
779 765
221 382
461 858
675 728
387 705
982 885
408 13
367 702
698 676
719 198
871 401
423 437
891 221
936 474
559 263
29 391
220 449
853 816
961 277
933 820
496 200
46 816
263 814
594 864
126 86
949 351
677 135
201 40
248 547
691 390
989 307
317 601
269 923
947 210
10 56
393 74
656 167
572 558
246 175
465 645
127 570
812 660
76 344
698 434
940 437
656 48
151 348
733 459
207 236
781 990
761 930
200 873
210 463
186 198
53 739
252 190
68 753
4 535
965 461
200 409
479 172
792 905
868 875
541 365
722 747
397 314
853 99
552 186
143 718
575 562
403 535
980 459
190 730
517 886
31 149
749 110
624 271
52 385
221 535
221 143
909 128
273 382
23 156
563 869
151 415
563 976
504 597
47 532
444 214
943 899
986 232
295 569
704 406
291 952
850 673
933 897
505 364
883 828
190 388
23 594
265 575
503 505
126 580
142 376
119 228
706 956
32 695
776 938
990 954
428 269
882 791
590 922
885 982
65 555
139 779
246 993
461 536
345 181
58 604
634 312
911 804
830 714
695 985
574 720
627 906
217 274
469 859
14 100
834 822
797 202
374 706
223 209
52 641
410 76
815 182
105 549
459 822
171 796
759 710
291 541
399 566
241 637
324 237
~
1000 1000
551 429
543 269
46 146
654 8
161 580
830 618
82 461
770 57
821 877
507 939
882 100
497 407
510 911
32 247
916 767
647 211
687 262
845 18
452 35
68 917
486 792
922 436
810 114
718 597
332 744
208 890
17 488
741 539
727 927
361 339
26 39
661 303
432 606
979 309
183 717
423 897
69 886
633 142
408 313
313 403
568 184
354 187
930 561
578 34
958 573
392 317
419 871
383 889
705 823
290 462
775 311
856 805
998 21
907 328
758 75
699 466
207 347
912 423
571 959
656 444
131 952
774 658
7 645
852 343
945 855
834 574
828 907
991 192
345 711
95 899
106 152
277 706
147 275
491 965
190 754
577 554
926 290
26 156
838 483
365 435
506 303
770 52
310 863
475 3
862 890
189 70
998 799
7 508
731 126
571 29
169 290
802 771
167 393
613 450
488 7
241 92
955 119
667 385
253 508
980 181
517 311
54 369
113 10
336 646
519 876
575 840
726 646
982 504
734 726
870 956
669 577
361 243
844 375
268 835
753 441
971 294
494 78
266 333
890 743
505 131
519 695
263 701
372 407
91 16
883 337
542 867
157 59
557 903
405 262
190 980
43 696
400 606
962 487
504 345
675 999
545 56
723 566
108 228
755 893
129 803
622 929
13 222
793 284
756 88
622 94
688 940
881 111
546 310
999 114
857 333
875 746
977 55
803 360
686 581
818 392
585 521
176 560
306 606
319 355
375 974
391 533
427 682
932 496
410 525
438 726
284 769
498 920
345 615
183 534
980 697
107 232
507 523
447 636
621 145
241 345
621 898
128 132
478 414
389 625
552 299
792 908
690 206
80 496
752 688
735 968
919 127
997 708
198 552
93 918
31 281
429 62
423 659
393 27
554 192
810 315
19 145
323 364
618 739
829 651
558 387
244 126
998 432
233 317
987 48
448 590
16 998
357 354
572 450
499 9
775 384
53 581
419 430
977 454
485 9
713 833
380 519
780 55
194 251
85 131
225 684
834 420
231 358
559 500
45 925
204 224
132 367
877 945
617 290
144 122
115 199
836 226
858 53
560 996
51 232
730 886
289 219
481 528
669 203
173 53
913 902
21 934
562 133
337 197
733 718
738 199
739 573
367 750
191 419
321 6
824 407
336 126
346 413
143 689
34 452
398 838
969 125
839 756
104 912
787 562
446 937
46 102
998 939
72 293
68 443
709 27
641 281
279 826
285 186
19 496
133 570
34 341
797 32
832 426
975 554
250 304
693 795
644 135
403 186
16 782
201 645
358 587
39 741
160 4
90 619
221 197
950 796
249 858
772 225
858 568
263 914
510 423
433 141
19 490
107 441
168 346
861 239
114 872
426 147
481 642
464 256
149 160
110 986
971 655
759 0
988 157
999 697
719 654
651 677
645 943
973 216
22 153
808 67
507 184
153 476
44 461
903 31
115 105
109 236
800 266
413 811
741 523
551 846
397 471
818 110
209 158
202 264
676 571
59 736
816 645
445 479
783 453
161 346
879 103
154 259
864 661
183 580
623 416
232 689
824 80
271 533
79 150
402 184
592 472
726 711
769 797
398 988
164 577
547 992
953 883
790 6
891 846
773 618
817 637
994 26
952 962
762 436
376 56
588 120
764 463
104 151
774 768
819 612
786 531
632 993
297 989
968 278
441 565
374 702
259 873
428 42
726 565
138 74
130 132
953 225
319 657
586 912
758 576
852 38
777 281
238 766
319 157
585 185
442 532
274 999
565 470
535 696
528 72
504 327
894 522
24 801
449 670
51 779
796 820
586 962
168 996
213 654
643 403
641 386
351 497
482 373
799 586
954 956
735 941
987 4
132 953
42 859
946 318
404 462
709 523
981 464
521 884
734 930
110 934
543 542
526 878
798 152
545 38
734 407
860 594
204 840
293 43
350 20
665 457
573 835
538 526
636 97
531 120
161 96
774 776
339 935
857 433
277 521
531 226
563 408
245 960
98 803
271 758
469 686
296 910
45 466
771 557
96 28
422 850
717 746
373 839
255 388
830 819
536 663
6 438
536 631
68 935
870 950
948 187
790 336
663 239
260 850
576 696
8 434
322 256
579 240
161 388
152 269
303 499
678 922
360 314
854 61
335 686
976 872
650 306
882 995
116 506
755 411
409 142
197 338
119 491
250 328
540 342
769 490
426 139
600 35
506 149
196 225
656 119
895 481
387 674
953 461
608 280
786 269
103 520
591 540
374 675
955 924
660 207
16 276
721 673
222 969
37 289
578 195
934 872
899 226
917 509
82 152
227 329
168 705
8 967
829 920
637 736
477 636
123 605
677 163
3 774
951 853
527 268
194 124
208 90
286 642
218 609
62 724
821 460
206 926
158 577
655 599
133 265
625 766
744 281
481 997
224 850
291 973
2 207
106 475
816 117
605 497
945 663
252 680
607 450
764 836
567 262
990 848
383 895
463 548
555 99
27 404
632 277
932 83
164 809
554 952
461 337
203 488
970 943
957 300
167 580
960 500
701 592
858 411
969 763
846 373
36 43
789 855
75 239
423 326
239 204
419 643
679 637
909 238
917 145
888 712
383 96
941 677
703 181
226 881
845 203
118 794
882 217
412 831
233 583
271 311
362 102
221 645
302 571
886 763
786 780
630 285
965 518
873 55
4 607
703 161
793 55
953 362
8 308
723 891
154 198
537 805
420 336
887 365
66 265
12 543
633 250
175 2
227 568
949 482
414 492
537 163
431 433
509 253
771 429
879 139
646 476
544 504
983 626
985 524
468 48
727 755
426 841
922 855
848 540
616 271
28 348
847 648
206 415
970 571
748 508
987 759
957 9
402 569
834 44
493 921
138 752
497 734
581 890
143 916
35 860
651 893
318 809
465 151
165 50
545 885
499 129
789 712
559 893
479 783
973 13
793 596
541 176
271 209
498 692
55 338
366 294
13 981
812 626
328 288
422 194
465 154
264 460
901 269
597 495
169 162
616 847
373 205
973 930
796 138
794 593
978 512
248 43
527 630
414 902
12 988
688 135
755 570
268 556
884 246
277 385
653 114
427 208
434 413
795 516
373 179
299 823
640 679
921 810
504 864
548 398
36 185
507 665
695 182
413 595
170 308
873 169
141 744
54 417
511 731
733 783
29 76
758 736
943 622
225 805
745 99
319 922
257 898
23 847
588 269
588 335
830 126
255 888
561 315
826 610
85 447
813 475
810 107
436 802
666 205
64 970
378 216
45 474
474 220
676 715
763 39
898 961
345 452
129 389
937 323
285 810
508 930
962 144
92 178
276 613
223 300
942 754
18 22
31 637
128 25
810 267
571 629
126 473
602 815
29 954
780 889
728 163
307 555
867 309
740 121
437 115
207 860
427 573
842 254
494 348
66 728
761 80
157 566
575 758
130 590
861 133
626 828
596 931
883 546
586 763
874 694
297 139
849 148
224 347
745 806
168 664
242 593
306 857
152 610
695 57
864 161
824 983
36 653
615 499
43 671
774 730
405 123
447 868
253 205
331 731
952 272
934 295
317 893
979 648
981 914
453 35
845 529
718 528
362 34
891 603
236 243
919 706
38 23
158 839
469 685
813 655
406 171
961 537
61 211
917 163
92 325
961 634
593 164
943 64
675 341
814 99
318 885
573 227
196 475
456 244
646 718
639 245
380 720
328 40
882 747
393 923
956 619
850 990
195 157
963 319
144 869
458 962
320 534
120 493
168 950
44 859
883 48
71 134
634 526
562 874
899 406
437 648
70 268
202 289
683 905
74 596
656 307
574 58
842 437
80 975
658 616
610 347
378 193
439 226
719 661
945 161
801 475
451 794
721 137
544 673
731 50
940 864
892 574
666 833
733 850
501 418
465 337
290 725
507 987
437 392
444 358
436 443
220 18
970 856
918 785
853 800
649 615
289 899
323 750
685 856
409 877
567 534
645 138
668 129
287 574
595 242
640 544
747 616
194 412
521 764
228 237
87 516
157 864
681 909
142 844
569 350
229 167
990 3
511 970
81 351
374 640
272 118
932 539
734 394
870 808
538 484
12 140
423 254
616 142
508 142
637 790
165 357
426 447
618 544
935 482
775 463
599 955
660 637
199 895
773 448
334 974
284 953
117 606
485 333
793 872
299 813
815 455
305 339
407 686
132 79
508 248
983 497
667 294
551 151
114 325
688 497
315 151
319 611
416 675
113 427
97 487
340 876
709 628
805 809
221 466
506 30
919 238
921 300
921 514
801 980
604 700
983 382
644 193
571 634
341 548
364 326
344 497
289 553
910 799
162 703
788 149
86 94
39 420
486 841
650 782
866 947
622 589
146 367
866 503
800 933
811 120
972 943
221 728
936 37
499 615
86 541
971 407
46 935
605 617
20 976
246 578
34 382
144 255
649 996
628 790
830 925
539 215
659 542
361 547
67 255
347 420
274 731
738 222
164 953
305 885
621 913
740 158
193 579
169 586
645 772
755 776
621 994
492 586
127 275
499 867
368 409
351 719
103 800
467 356
279 283
154 672
64 212
876 859
295 875
258 238
~
1000 1000
732 248
942 28
429 564
663 680
762 645
548 911
361 665
662 711
699 862
475 416
62 334
889 658
108 856
503 792
124 37
690 956
264 97
63 426
343 27
603 569
395 814
59 983
93 696
225 292
335 683
653 19
787 483
805 380
195 111
341 150
600 107
770 715
39 181
859 627
281 974
353 94
378 988
225 396
284 910
8 983
804 384
367 628
557 839
222 374
516 431
53 435
404 859
129 419
539 876
252 598
68 807
977 949
206 800
646 77
182 683
234 535
345 436
89 483
308 557
718 566
943 857
712 161
350 342
120 133
226 520
266 387
753 124
330 529
129 466
329 426
867 199
920 628
877 201
932 905
576 220
891 582
796 316
726 224
88 804
887 383
550 495
636 283
822 798
757 919
74 857
155 227
787 305
569 567
842 157
184 220
961 683
901 437
147 322
214 990
96 997
597 556
638 75
203 957
293 669
929 137
721 663
947 273
222 658
782 423
591 369
4 374
663 307
861 148
516 41
400 909
688 409
442 569
834 186
214 89
12 80
7 358
198 226
866 667
516 346
111 356
692 325
496 319
482 652
979 817
871 458
453 276
7 567
408 432
698 572
558 440
965 344
174 223
546 11
247 594
613 265
899 527
697 561
102 86
514 318
950 87
628 749
645 164
28 664
196 616
237 867
299 777
663 814
407 762
91 298
371 780
289 511
282 486
605 804
203 483
992 873
495 915
955 370
423 652
97 469
609 58
445 822
604 484
986 40
401 473
306 559
86 963
921 915
421 484
867 832
826 166
674 620
125 31
468 969
108 204
85 643
397 549
994 540
586 954
646 847
717 244
183 313
183 495
179 582
964 694
912 75
633 800
457 136
841 554
696 9
195 525
768 197
640 113
74 14
996 890
187 258
867 425
627 737
630 271
641 584
118 454
853 318
928 896
70 429
434 532
453 611
821 165
218 802
907 470
254 356
691 844
753 107
386 762
524 127
964 963
873 497
348 795
322 233
192 742
768 83
489 710
469 711
761 223
339 169
558 197
390 494
238 376
784 888
139 999
212 131
201 555
885 633
909 445
327 843
777 939
478 346
845 223
686 437
200 336
635 979
976 869
250 547
310 591
856 906
709 966
9 517
692 879
443 808
546 525
165 526
442 630
890 505
367 671
266 965
730 458
442 416
802 222
587 453
754 208
841 433
241 729
685 173
502 8
685 805
563 386
810 312
588 39
595 586
943 583
352 126
814 852
929 632
467 153
599 34
523 187
979 709
367 48
455 338
31 862
578 681
519 4
688 818
790 935
712 347
484 182
767 105
557 790
630 818
196 253
704 467
281 337
575 13
509 73
519 141
854 135
154 460
998 52
205 780
265 628
963 517
927 316
785 438
774 929
842 600
164 810
532 815
563 9
531 58
118 654
524 830
955 373
581 670
610 665
219 822
333 745
435 95
231 297
429 85
618 932
534 640
644 505
933 496
10 332
816 132
432 566
336 5
191 127
555 574
984 603
32 151
25 219
512 587
613 134
171 54
416 239
200 571
164 713
202 276
741 280
767 419
180 514
498 386
594 30
908 710
779 859
702 633
477 532
946 695
617 226
931 241
369 675
474 529
739 506
850 349
445 607
783 679
113 129
842 812
603 24
768 44
441 816
964 482
234 475
553 164
970 206
845 965
621 535
747 385
713 117
839 953
521 376
95 104
312 971
808 476
995 64
863 353
138 322
2 267
16 616
981 938
32 561
265 827
419 731
82 517
919 705
112 985
474 964
537 157
808 296
892 226
257 483
289 845
135 618
752 443
646 140
247 465
580 779
991 83
187 952
73 267
213 894
61 692
984 290
772 39
194 521
735 494
750 323
902 768
647 638
62 820
893 470
661 465
486 508
576 645
991 429
911 252
475 932
294 980
138 586
296 454
854 757
727 600
242 775
231 337
220 17
300 324
628 879
136 89
109 789
714 472
300 474
388 288
375 300
867 799
361 629
436 74
891 44
709 447
140 39
330 273
651 544
746 4
900 181
953 66
370 125
854 182
693 711
360 230
612 101
820 526
324 274
122 75
737 815
202 829
260 860
625 264
999 941
896 796
165 738
918 20
677 948
429 741
456 773
283 672
368 208
642 889
732 921
881 368
313 733
244 424
292 61
602 38
109 623
998 452
750 454
977 151
229 387
13 6
749 139
213 636
388 811
499 968
536 746
1 370
331 390
557 265
97 242
583 755
856 166
444 148
623 79
368 91
714 193
472 953
605 834
502 723
903 872
848 730
793 6
211 2
758 235
307 199
950 852
255 847
366 75
147 875
698 375
469 511
917 350
812 373
0 193
638 965
473 975
522 497
966 268
765 149
355 251
880 36
992 346
369 17
327 85
465 51
756 950
183 53
806 3
27 484
781 560
637 666
380 167
871 707
392 877
984 670
906 278
643 398
10 28
511 402
148 788
440 906
456 186
550 323
212 991
860 84
437 895
420 866
694 656
696 921
351 23
92 996
682 621
643 262
730 978
864 178
565 241
862 561
396 245
905 970
152 314
199 630
863 935
665 340
279 346
478 586
994 676
842 454
283 975
682 492
984 589
676 257
801 195
205 487
816 670
954 609
737 132
451 394
900 727
957 369
488 301
680 968
114 348
584 181
30 500
471 840
782 29
795 750
105 794
156 582
829 14
464 826
336 606
170 536
187 863
409 201
232 282
749 753
910 861
272 513
803 53
474 874
1 848
669 811
284 415
386 20
723 835
803 11
36 984
195 103
613 248
35 356
680 977
815 215
759 889
688 826
505 112
603 585
699 72
810 326
867 289
17 402
657 616
404 989
790 280
510 729
401 97
613 322
256 232
221 976
372 344
450 695
297 623
450 550
804 804
330 384
941 648
848 448
199 770
65 856
502 368
620 700
185 170
822 90
175 361
759 85
942 216
237 202
362 458
359 698
420 228
173 881
851 116
199 230
95 331
651 676
867 351
171 889
770 772
638 925
446 835
741 405
461 579
864 929
677 416
123 610
289 73
348 912
733 246
302 403
958 410
858 785
374 493
100 287
838 286
100 755
564 287
855 922
168 280
445 197
706 225
748 225
30 74
997 311
746 53
605 817
47 591
751 718
998 219
487 8
477 640
154 84
818 812
309 274
640 712
691 294
472 309
691 830
201 351
793 180
771 946
308 366
792 843
688 820
44 184
397 50
182 74
39 848
520 666
991 918
628 346
146 547
255 485
857 600
235 265
777 360
551 28
291 603
497 141
631 868
535 668
644 767
322 605
59 254
237 801
541 734
989 966
186 718
360 32
668 64
203 23
587 891
783 331
882 432
875 541
906 139
56 648
422 861
673 328
654 248
97 330
511 418
290 132
19 373
115 390
926 638
586 841
161 853
186 815
626 876
46 644
603 956
911 795
209 924
186 652
560 276
718 60
438 553
972 485
989 281
639 696
485 90
503 784
802 61
577 369
817 81
1 361
480 534
267 709
167 670
685 759
114 523
505 727
72 845
346 440
433 714
541 477
811 539
19 459
645 69
955 808
896 309
445 380
595 200
476 151
902 162
404 684
250 372
125 228
615 116
669 494
125 680
989 261
423 994
533 18
892 395
882 644
592 177
881 238
67 411
452 344
8 815
444 696
201 17
799 154
249 543
301 917
834 922
638 201
752 584
622 926
110 600
475 318
775 957
294 246
384 967
896 136
524 470
88 453
103 848
474 25
840 189
545 599
465 458
936 143
680 787
270 190
931 444
808 661
303 969
539 260
866 564
3 608
706 783
21 82
85 531
652 58
466 472
810 668
288 270
124 98
70 971
332 130
51 190
281 969
247 956
113 752
665 705
522 231
794 530
806 327
713 928
861 860
193 158
679 562
569 79
930 767
2 858
608 146
70 608
317 467
662 784
920 667
997 631
696 709
172 142
177 477
549 943
886 735
532 673
145 339
10 108
873 320
772 518
236 647
116 200
61 74
750 899
503 796
214 551
555 602
512 868
974 595
56 450
303 452
211 791
303 759
309 855
498 548
356 681
293 888
149 975
985 334
998 870
583 12
964 175
155 471
166 613
982 825
993 55
943 402
638 873
426 732
833 246
604 940
714 657
502 134
33 141
816 255
806 152
215 425
495 951
578 267
166 630
625 623
722 872
663 441
740 470
730 180
709 483
552 678
255 879
221 727
625 945
306 310
790 323
936 765
120 833
157 871
296 298
198 222
434 979
110 353
591 648
230 566
203 500
190 876
369 434
218 861
683 605
464 594
550 309
849 536
517 507
791 625
789 344
174 934
689 497
957 851
783 197
423 435
410 273
157 806
361 228
134 432
32 839
858 900
366 392
539 785
199 167
93 731
91 151
896 845
575 513
364 806
818 190
908 106
722 676
117 667
824 51
321 254
97 336
543 715
270 506
926 640
743 971
10 157
100 920
885 893
316 85
50 19
953 123
462 515
667 923
992 891
492 816
698 849
596 824
600 687
207 171
337 773
323 816
972 493
926 275
69 21
432 539
991 520
892 844
500 70
837 896
491 998
87 555
130 353
619 463
436 392
~
1000 1000
871 797
276 400
949 637
203 797
667 888
711 22
43 172
188 735
19 784
79 28
888 745
585 45
311 652
120 676
853 452
412 639
639 142
121 50
460 340
184 517
329 623
555 462
637 320
665 248
471 265
662 724
612 895
31 174
14 378
581 580
281 961
680 323
872 856
653 331
63 795
419 795
442 159
682 455
998 751
5 337
830 29
586 503
866 201
848 764
330 127
64 65
489 892
719 340
376 169
835 857
496 379
739 705
445 298
580 961
511 504
745 748
130 333
899 787
800 561
610 348
309 105
530 209
428 190
961 747
177 970
193 94
630 740
161 782
993 494
680 946
158 125
981 617
617 624
216 546
703 837
613 392
750 713
43 942
114 231
632 527
513 730
503 513
401 726
28 187
496 20
519 229
220 892
368 6
293 704
866 292
928 398
714 823
597 399
378 431
859 894
513 360
306 811
878 435
345 224
709 543
273 35
272 399
346 286
514 909
533 491
48 383
425 348
25 194
82 802
416 693
111 100
879 551
995 691
838 491
62 556
828 634
396 357
60 593
15 595
124 550
768 491
603 189
980 295
681 520
117 844
212 286
918 202
24 403
931 435
310 553
752 80
32 708
617 848
875 28
538 538
854 7
576 862
778 390
208 815
379 513
526 867
463 549
88 590
36 612
452 763
862 109
447 125
761 638
904 797
348 232
61 645
687 826
748 117
230 744
788 755
534 509
189 336
504 663
101 857
28 570
573 747
240 424
12 291
712 295
210 76
520 275
327 106
864 246
828 887
255 325
538 164
355 77
362 67
544 590
734 98
600 830
62 578
289 841
909 377
373 176
165 677
70 239
911 690
880 668
40 926
788 444
569 898
842 944
822 460
270 601
825 683
143 871
367 802
36 480
435 457
719 703
618 480
855 355
455 829
792 418
824 336
174 30
825 245
250 767
255 106
939 48
583 946
377 406
920 849
143 774
719 337
519 534
402 716
602 560
966 995
144 755
68 110
164 554
618 997
859 128
870 414
751 60
817 728
440 234
601 504
450 234
951 562
332 949
563 970
680 405
516 395
503 860
413 824
151 32
324 449
975 309
252 144
777 540
861 69
97 923
507 671
134 380
461 412
743 691
294 482
400 754
9 206
765 383
409 478
398 24
919 170
691 982
39 480
498 776
957 49
71 433
180 909
83 581
871 438
56 431
844 844
179 711
717 645
779 363
593 655
114 171
211 392
594 49
17 422
33 297
872 483
872 885
381 60
288 980
639 394
902 236
836 232
841 765
209 357
953 768
718 525
378 656
304 923
826 808
721 858
447 710
741 924
36 862
623 922
918 801
588 70
938 399
413 477
849 643
419 801
718 263
982 910
911 208
206 3
19 250
598 27
140 399
302 661
892 108
792 112
548 45
605 459
539 610
169 764
380 922
580 96
763 207
570 523
377 865
222 144
366 528
850 594
687 364
818 716
24 64
834 366
91 559
412 289
177 253
375 165
641 720
829 169
335 584
347 659
7 749
254 825
546 257
892 503
304 846
457 617
39 329
67 308
706 431
96 96
46 638
287 336
857 935
60 685
635 147
392 968
282 988
272 567
33 445
820 890
384 932
683 630
802 199
101 145
354 597
41 847
128 7
145 821
587 543
306 740
727 967
536 752
249 788
842 90
88 797
714 707
959 487
560 289
736 899
919 743
707 306
231 16
663 527
101 516
32 598
664 6
394 884
757 901
133 439
134 850
465 479
102 561
396 454
216 332
522 812
561 548
540 349
250 577
220 63
59 436
336 166
829 587
677 131
550 957
565 469
610 342
708 518
728 877
312 785
147 997
95 18
442 897
342 295
747 243
551 869
603 254
746 623
560 90
943 634
91 49
818 20
640 496
385 167
552 271
658 816
913 28
720 293
732 245
168 559
736 462
39 435
301 458
686 191
219 396
49 484
4 192
804 246
351 510
318 612
982 639
27 124
907 139
613 38
582 402
787 101
762 417
485 105
937 424
454 336
765 353
874 694
433 988
610 914
775 857
894 196
875 837
723 596
655 81
549 420
56 526
606 657
273 334
784 758
976 647
287 137
222 777
323 746
666 691
197 33
704 209
215 959
373 0
617 432
446 805
329 696
202 203
370 44
14 99
321 826
864 977
532 683
214 292
91 511
743 142
164 690
834 973
714 102
461 690
525 681
937 0
544 353
517 831
71 389
559 177
271 45
266 148
939 141
429 186
899 325
384 837
288 285
925 831
78 288
948 585
440 862
150 626
507 807
247 698
500 364
86 696
603 240
527 17
436 991
923 554
955 149
61 856
752 762
801 197
483 573
16 414
922 879
407 147
857 402
785 446
697 186
138 591
236 698
973 256
824 721
816 693
258 942
159 166
77 378
654 224
435 478
139 864
10 877
627 690
955 875
811 601
504 382
18 232
955 403
918 728
543 436
60 171
369 289
812 89
262 700
508 800
924 914
164 673
81 847
561 496
257 193
150 277
470 792
168 793
728 732
585 115
440 247
975 524
799 236
374 295
644 73
683 85
966 489
226 231
223 557
795 166
170 716
376 8
22 568
627 883
386 291
949 983
539 346
410 23
389 761
339 881
735 920
636 670
138 276
375 283
91 624
280 409
430 269
747 147
757 639
731 150
714 547
900 21
738 470
115 982
2 464
493 758
686 209
653 956
736 202
642 693
821 903
496 604
494 67
502 165
382 244
416 442
55 961
845 501
571 434
140 911
223 479
298 728
290 988
551 544
615 963
739 677
886 634
291 398
378 22
96 424
311 472
218 111
778 391
872 351
982 294
363 59
732 264
668 941
282 314
51 536
887 111
898 339
934 529
881 174
121 511
667 170
528 650
505 548
739 388
285 82
92 491
266 946
928 274
266 671
735 90
936 308
458 895
263 902
20 149
10 821
20 533
102 468
731 954
477 810
353 433
836 632
356 472
927 827
4 358
900 844
896 996
53 670
485 794
194 711
841 133
558 195
163 784
737 270
485 336
630 993
292 165
493 751
943 765
956 928
943 827
898 437
190 24
620 468
155 145
35 927
964 362
933 656
893 656
819 648
769 597
132 929
21 920
976 544
125 139
632 743
450 385
267 849
145 479
916 519
442 514
810 899
902 330
680 68
346 470
118 793
196 544
911 953
492 962
382 307
117 513
762 737
324 201
769 834
696 977
820 143
578 864
296 30
39 543
173 30
147 705
618 19
793 834
496 603
984 484
861 615
472 815
988 878
318 601
308 494
188 908
46 164
820 616
179 143
398 353
85 880
480 538
213 756
454 361
549 453
498 373
710 469
453 750
317 637
743 611
306 54
140 746
369 374
448 356
132 413
412 118
225 688
552 72
784 21
787 407
32 280
826 677
210 222
429 100
821 224
704 647
636 394
409 506
701 300
765 595
812 601
688 48
463 31
60 339
195 486
969 492
199 900
551 605
855 344
176 732
404 45
793 588
82 210
794 517
482 744
868 541
785 123
938 127
505 220
27 299
222 174
120 214
980 329
513 364
591 660
645 283
106 317
393 242
716 85
736 417
521 240
340 563
141 747
284 417
118 73
430 841
162 231
767 255
830 86
809 250
576 881
660 707
960 224
145 577
523 957
314 856
456 293
326 724
879 360
20 992
973 140
341 780
453 919
543 70
572 964
95 560
188 841
686 499
436 918
480 26
701 184
17 98
528 678
225 248
214 972
82 772
272 942
551 396
825 855
23 892
560 187
514 981
250 954
363 467
767 55
855 412
436 407
973 182
273 141
694 55
116 173
511 219
46 39
413 826
148 775
656 336
817 787
539 665
338 525
202 732
786 562
981 255
822 457
717 692
364 696
181 762
696 748
59 111
695 959
766 205
280 71
65 490
127 228
593 156
172 746
892 725
691 336
131 4
245 752
658 60
535 560
925 376
354 760
349 767
451 430
10 829
59 182
979 291
410 14
661 463
223 393
225 654
516 241
529 802
464 58
147 191
820 453
422 602
634 699
645 52
610 755
803 387
7 742
302 985
650 616
518 217
949 361
704 40
819 181
262 185
758 801
409 908
153 135
658 71
832 404
853 908
68 671
55 797
859 197
345 598
895 243
429 819
950 435
937 482
834 28
602 921
857 987
307 971
768 798
710 111
692 602
50 58
321 186
238 142
567 116
293 234
97 143
450 756
344 752
173 124
783 389
687 403
936 513
114 524
728 673
381 210
406 70
959 299
929 508
313 427
299 954
273 540
968 228
428 748
700 334
604 887
332 377
602 486
619 626
742 256
464 425
493 785
150 544
938 977
517 885
800 590
439 521
982 940
589 218
164 211
266 789
525 538
136 840
230 187
50 464
46 631
474 758
430 715
548 807
987 747
379 532
706 726
51 511
595 242
638 32
89 186
274 615
409 853
987 130
241 985
517 513
451 423
85 880
297 505
441 301
51 41
36 171
831 164
951 206
161 959
629 863
52 408
941 658
599 224
509 567
331 520
60 614
92 490
225 431
294 121
115 48
410 140
681 256
1 622
635 540
600 986
368 407
996 845
161 423
616 284
158 974
685 824
~
1000 1000
400 263
746 231
886 858
572 461
844 729
519 867
32 980
293 751
583 33
7 227
801 24
354 322
280 230
387 512
222 449
279 930
7 772
292 823
428 810
76 349
346 608
11 54
715 38
350 892
723 95
118 435
934 418
350 894
160 287
177 165
821 286
648 493
266 644
323 520
507 439
77 303
791 837
853 150
113 864
298 551
664 484
78 601
609 724
231 777
43 690
962 346
907 518
49 866
82 665
534 893
916 401
32 469
329 919
494 146
977 624
289 927
300 82
903 101
33 815
733 348
224 886
589 167
800 984
529 863
501 41
798 51
973 320
492 991
330 480
949 42
429 991
36 148
673 655
553 552
941 604
922 214
374 909
315 52
117 422
161 158
92 101
859 420
135 323
266 403
73 30
947 686
116 605
739 271
805 556
322 880
439 200
115 607
919 213
803 506
72 910
808 423
336 988
868 199
923 812
650 171
358 666
552 471
822 146
621 279
938 24
221 632
230 222
355 224
498 839
54 576
483 193
823 488
464 272
386 668
455 617
499 686
897 140
539 100
627 494
699 84
991 421
128 821
850 789
543 688
967 178
315 86
996 287
118 579
155 103
380 188
381 843
926 37
922 787
789 822
979 800
12 527
403 457
795 81
131 988
770 15
94 48
403 477
325 944
860 151
771 755
155 358
787 866
834 239
809 65
357 196
390 649
857 142
528 733
152 51
809 180
218 453
167 79
78 428
780 420
473 53
191 154
262 394
987 261
384 468
686 548
940 558
204 201
321 628
701 433
300 219
380 925
559 411
386 792
971 467
275 474
174 596
439 277
822 289
731 110
527 364
897 469
105 860
133 816
981 606
938 165
681 850
477 591
259 456
471 827
123 667
553 68
971 252
59 523
131 577
765 227
704 960
466 108
365 295
954 590
741 166
7 816
679 287
562 210
499 852
54 408
213 874
654 664
360 653
275 646
892 877
736 701
914 983
401 169
335 902
273 354
224 19
124 236
550 883
932 621
330 560
216 415
98 787
985 766
627 896
527 980
450 578
356 588
182 857
159 707
808 265
532 213
615 110
185 87
725 836
948 633
981 699
555 79
737 875
324 544
87 236
703 54
20 922
401 679
252 399
178 363
984 745
537 240
121 773
838 154
508 660
336 22
15 318
353 521
35 924
974 741
74 626
443 676
531 924
15 504
963 656
812 201
934 781
626 776
439 810
947 109
380 107
122 836
246 623
568 677
535 797
607 764
181 945
299 78
246 145
174 629
644 532
931 101
907 893
805 368
824 413
521 439
925 311
232 859
282 824
682 907
886 367
960 62
791 465
576 843
838 455
918 823
878 700
89 599
486 378
76 63
21 237
854 826
438 186
356 610
452 985
853 155
680 584
135 587
312 922
488 677
922 809
887 358
810 455
52 583
504 307
342 948
102 330
923 532
552 652
549 115
180 632
691 252
148 482
301 723
178 749
773 402
987 932
554 242
71 253
38 524
360 368
802 776
858 972
921 638
842 11
467 132
377 223
19 615
163 333
226 893
306 769
77 195
625 866
989 218
854 551
14 87
631 490
26 107
641 836
718 184
989 809
598 158
444 373
412 316
4 24
975 27
947 502
34 351
139 194
329 535
607 660
92 984
533 984
877 701
292 521
940 26
616 437
725 424
876 163
592 11
592 219
746 483
603 397
490 288
474 116
311 714
801 124
136 815
457 634
587 590
443 555
658 603
988 64
538 436
890 832
798 244
254 126
573 430
266 597
743 76
677 537
501 704
165 415
762 836
668 840
988 773
517 930
391 317
473 936
484 664
494 780
718 679
191 802
14 236
489 638
304 837
741 976
69 732
218 630
194 350
69 779
440 755
427 799
645 78
150 312
916 317
719 103
952 99
547 310
303 540
848 288
133 345
529 33
246 757
505 864
712 318
509 170
439 776
645 706
371 759
972 61
248 875
621 362
388 873
801 562
199 184
174 940
942 729
82 549
95 10
593 838
276 588
171 814
314 580
130 193
737 279
994 833
193 18
513 508
59 257
913 710
293 46
92 449
586 540
544 443
50 692
75 503
526 592
184 53
455 415
634 198
359 448
753 819
599 466
499 654
747 627
412 291
547 207
713 600
443 844
770 715
838 971
566 435
854 114
548 545
855 960
702 48
301 728
120 523
379 138
706 910
685 246
770 81
984 787
478 336
337 663
185 141
323 287
171 674
333 361
206 490
571 472
598 840
147 401
144 762
43 227
287 478
322 964
867 702
228 338
547 297
538 606
692 42
897 816
90 957
785 359
670 398
793 871
913 524
393 865
513 663
169 893
649 326
784 979
917 788
503 219
639 51
767 633
532 353
320 5
474 643
947 18
701 327
243 117
728 750
751 176
322 130
931 568
993 276
721 684
619 354
561 223
730 863
728 360
888 483
952 968
36 92
308 371
859 413
775 674
682 630
150 744
307 380
107 652
775 386
691 751
771 120
290 182
590 388
109 450
49 223
449 159
743 521
35 569
183 798
543 438
136 899
964 791
845 476
535 280
10 640
472 275
814 959
410 128
472 978
743 529
246 837
603 931
124 377
279 350
50 476
298 344
778 293
91 503
488 490
121 862
435 644
590 938
363 214
474 133
426 450
748 499
816 973
734 675
194 268
874 872
780 982
623 833
783 636
801 342
891 39
672 772
345 8
719 306
906 78
96 701
292 475
622 457
271 520
299 289
994 730
171 344
564 165
472 777
120 521
120 197
655 354
524 659
60 732
50 68
341 285
493 143
166 725
915 546
298 981
48 403
588 764
898 166
2 648
92 856
780 931
54 307
252 907
613 602
158 974
455 264
737 653
250 972
167 265
557 336
154 100
871 850
599 226
70 554
103 367
99 949
244 10
525 266
329 18
707 723
237 128
22 822
273 774
477 436
439 854
227 977
574 238
182 270
372 970
385 612
747 107
637 442
551 366
204 552
638 784
942 644
689 745
823 253
299 782
424 823
151 180
588 743
631 762
535 735
810 14
754 27
221 890
754 453
534 0
210 998
108 380
518 191
163 770
842 959
807 895
633 853
727 860
450 792
108 352
8 588
74 533
770 913
990 358
562 143
976 912
113 556
307 759
931 458
99 145
583 458
430 873
18 517
918 901
908 637
126 537
355 911
115 399
775 196
389 391
470 568
526 188
696 298
978 951
581 509
192 904
462 391
976 554
554 80
429 79
202 909
749 852
319 54
374 413
330 460
395 252
788 128
784 918
959 415
970 534
165 450
395 615
879 982
124 788
817 470
523 258
324 594
144 145
548 802
850 302
907 643
160 677
125 886
141 581
118 221
75 396
977 47
987 933
683 878
963 502
983 959
257 535
714 562
424 576
754 979
568 723
731 264
939 18
922 947
781 122
605 610
188 968
146 646
969 514
704 545
220 937
755 947
943 165
260 806
340 850
712 144
40 26
472 266
468 636
217 151
146 107
532 671
381 994
633 21
132 870
223 101
32 644
975 945
380 101
603 670
749 518
800 827
569 725
19 178
285 506
884 306
697 338
764 772
367 762
228 220
829 514
969 483
175 415
83 595
696 453
61 850
218 373
762 826
252 492
477 648
403 76
625 724
693 775
75 704
498 872
93 29
363 349
652 819
600 194
45 879
508 31
635 465
188 54
404 910
440 997
629 212
177 179
978 220
644 73
762 613
69 5
915 967
368 207
434 284
131 166
734 446
992 803
614 685
970 745
831 351
510 2
10 989
132 422
846 348
318 512
266 761
945 81
517 57
729 385
922 944
233 594
782 216
43 432
428 100
53 174
283 157
94 35
70 989
975 421
660 394
812 372
313 997
469 402
557 292
360 569
708 749
778 519
725 612
118 278
494 119
565 150
833 71
383 478
544 570
512 176
758 383
942 94
777 593
322 514
986 936
429 146
831 4
813 59
396 795
465 93
213 573
809 256
615 879
825 949
544 981
727 696
3 611
315 508
280 405
127 40
124 221
431 657
317 133
491 648
225 894
51 325
896 880
194 156
366 795
893 223
701 590
478 300
627 573
332 913
128 408
381 685
891 882
815 112
869 912
140 494
478 307
172 119
606 806
303 291
655 540
315 237
329 348
794 853
926 807
880 298
608 932
988 392
271 929
357 678
407 4
727 883
17 170
77 11
625 9
361 180
648 105
610 390
955 97
581 66
564 47
640 281
456 727
491 489
312 32
320 452
835 426
628 649
772 357
878 999
144 31
999 887
811 452
91 242
91 563
919 123
269 534
83 709
391 826
75 544
198 440
528 457
969 83
860 935
502 242
406 13
339 1
722 789
743 43
789 49
162 59
528 128
602 12
402 591
47 220
867 974
410 832
526 181
913 461
79 430
102 403
750 140
138 398
210 805
340 312
833 460
110 249
767 122
953 960
885 862
575 951
100 202
26 162
954 968
916 704
348 365
998 454
557 397
381 128
782 167
865 961
303 354
560 988
636 528
83 364
771 618
807 945
645 268
495 884
403 931
208 542
140 52
213 516
500 263
124 677
166 651
880 430
838 3
816 182
312 546
817 406
397 187
~
1000 1000
791 20
87 221
26 656
26 269
238 357
798 116
371 372
506 610
407 886
964 346
80 897
102 376
471 853
611 457
41 79
282 290
24 806
578 420
961 404
999 718
903 350
843 187
928 152
528 6
718 483
181 651
225 505
784 600
259 450
220 780
781 39
579 574
216 127
981 537
14 561
753 335
81 609
434 516
172 878
542 948
993 84
772 279
371 437
828 267
670 701
4 419
587 518
855 616
64 625
264 557
655 526
280 943
334 110
372 588
991 151
315 627
921 120
255 717
479 846
969 130
102 62
466 287
149 411
7 454
712 290
572 239
494 437
293 222
205 949
865 509
337 3
872 627
332 913
862 533
803 620
200 100
477 732
519 607
986 424
491 522
753 540
457 959
970 932
64 621
685 269
760 390
995 970
260 997
812 669
930 71
200 150
537 553
394 641
946 915
145 459
946 948
225 605
806 566
587 156
656 907
984 944
546 423
115 859
552 944
695 717
739 756
590 566
555 26
901 995
476 60
348 925
340 786
690 606
756 523
216 989
86 384
525 356
654 577
146 448
843 372
695 200
440 555
262 730
318 982
29 427
941 665
74 966
434 22
619 782
243 838
795 47
465 212
948 314
853 435
673 247
254 578
42 920
594 516
566 779
915 349
260 921
580 434
939 229
476 800
931 495
914 295
323 681
394 16
573 745
854 821
806 41
929 857
650 563
632 464
688 49
226 679
57 812
41 615
623 868
738 494
68 455
289 759
936 749
496 579
472 931
242 640
563 814
803 129
414 635
163 766
178 380
386 989
332 326
382 769
638 233
282 874
381 263
65 405
834 841
188 150
397 734
777 107
950 589
301 243
446 294
434 870
886 652
788 990
677 37
528 999
96 717
431 635
206 103
274 186
282 54
142 600
316 211
90 982
417 824
638 742
770 285
102 537
259 408
919 19
669 642
586 722
942 680
527 402
326 47
659 133
678 452
53 801
181 234
453 570
171 781
55 866
929 7
695 302
344 233
452 643
634 957
530 664
950 449
706 494
975 55
605 822
951 370
410 481
624 795
852 22
788 157
815 15
149 214
684 13
23 215
387 822
45 918
744 867
497 394
129 159
136 670
600 373
398 114
956 601
261 6
68 730
444 456
439 750
102 240
645 367
471 874
747 748
126 580
789 611
256 849
444 573
706 325
842 755
145 490
460 48
157 866
368 702
843 614
6 862
978 846
564 530
536 306
44 238
550 120
97 326
33 655
626 305
99 804
870 175
921 43
713 102
590 728
886 723
593 838
853 536
114 376
830 289
58 270
351 803
435 299
971 686
934 620
604 690
644 11
162 689
519 821
532 508
290 528
398 120
598 73
804 114
830 526
14 969
13 567
228 651
655 530
428 675
197 56
402 153
885 970
839 898
562 607
525 169
735 394
321 302
362 0
778 942
430 415
250 212
209 966
794 919
992 584
819 355
824 778
762 580
583 824
892 713
41 155
787 685
551 502
15 452
221 801
648 452
899 213
922 433
55 504
426 902
216 348
673 568
718 340
759 557
248 606
490 358
478 255
206 817
881 683
175 834
111 396
77 610
435 742
215 360
485 424
524 824
310 61
693 465
846 28
415 596
538 164
672 65
64 900
464 20
316 122
210 24
264 211
58 706
456 715
561 570
340 5
511 374
473 620
688 279
10 635
83 599
859 2
191 915
983 586
494 446
130 124
863 607
281 636
534 28
360 660
959 878
988 958
835 630
587 505
874 17
73 920
138 936
301 976
598 299
91 81
491 640
346 342
823 782
360 800
10 790
461 992
586 948
702 804
201 371
283 548
642 999
35 917
677 903
470 61
926 618
4 352
436 72
668 859
649 989
231 639
246 602
590 249
793 989
280 263
873 66
105 5
489 858
960 624
891 722
120 123
311 887
474 641
340 449
16 34
846 285
292 985
793 536
722 853
37 752
124 559
602 349
349 179
854 0
208 315
693 779
754 608
64 130
317 386
1 96
62 418
485 501
705 246
227 54
355 813
181 301
465 651
701 11
527 567
50 451
43 692
18 153
324 853
138 683
949 68
940 39
622 148
352 13
997 29
614 622
664 25
266 781
902 5
969 77
63 713
796 707
258 36
131 853
998 545
124 195
618 903
4 765
264 712
868 510
759 447
575 791
41 736
972 343
333 51
999 193
902 817
685 415
779 58
16 582
624 494
255 625
404 74
529 386
5 254
99 759
721 581
529 114
94 316
850 219
21 30
639 473
898 431
252 927
831 744
448 436
570 162
938 478
220 271
413 247
843 269
749 304
906 548
74 533
647 19
860 954
526 78
296 725
892 762
907 211
7 276
459 975
116 63
222 568
808 916
269 315
459 607
929 233
170 671
210 691
204 686
140 634
544 370
98 611
173 300
927 780
425 879
875 688
526 131
26 257
514 938
44 23
518 234
392 483
969 773
586 921
22 45
695 894
67 124
271 566
779 259
74 457
879 513
310 454
512 886
448 217
512 769
400 497
362 775
298 997
591 413
482 953
803 712
944 443
455 450
220 411
664 368
908 842
919 338
100 618
2 506
221 430
812 41
97 27
89 902
214 568
924 424
361 210
932 350
941 771
596 269
220 363
762 314
468 384
235 553
910 450
141 981
259 658
21 657
80 61
473 478
580 763
920 606
784 44
313 585
382 445
50 237
724 639
459 67
131 770
810 95
891 384
287 193
810 508
810 258
157 741
276 417
14 694
364 263
262 272
995 319
908 345
138 978
55 847
354 785
217 72
995 869
988 316
482 676
65 365
453 756
319 677
937 53
1 321
174 898
404 565
544 881
263 592
546 387
483 753
30 214
917 370
976 281
401 532
516 247
857 924
285 727
423 332
880 307
440 381
31 825
305 595
442 183
830 457
563 562
840 359
985 447
63 521
0 243
889 786
863 449
426 657
778 323
276 171
744 219
400 921
520 786
318 427
688 792
938 684
542 869
215 56
234 239
432 764
915 869
933 222
978 340
651 653
932 664
479 49
619 717
60 765
751 334
355 588
657 862
786 866
665 181
488 397
705 157
672 348
169 77
572 214
996 166
284 774
115 69
424 518
808 80
2 586
974 453
815 230
783 431
215 138
718 105
794 933
542 192
302 296
274 989
103 996
575 760
22 894
527 899
526 58
63 942
754 831
500 630
658 970
641 124
240 948
83 451
62 72
409 154
19 480
342 459
382 31
746 74
433 269
200 482
689 542
353 589
413 28
472 627
334 118
791 453
982 521
442 65
939 454
346 273
926 84
550 615
983 480
829 180
492 394
766 418
378 841
396 894
323 482
636 170
848 381
241 585
273 928
74 533
938 880
146 829
0 69
440 555
45 126
56 270
816 381
154 506
313 452
57 81
627 575
799 724
699 924
751 970
512 17
627 405
523 309
583 528
625 706
621 877
958 985
643 887
661 814
426 588
5 565
952 565
182 238
369 25
173 77
225 246
579 949
45 505
717 165
346 425
360 579
534 919
139 697
254 464
457 430
712 166
455 70
914 44
715 172
354 776
582 95
855 406
460 426
640 627
33 265
876 927
869 49
985 751
563 903
537 553
511 436
970 89
222 247
685 636
363 699
58 187
495 930
209 794
776 235
20 65
774 656
59 795
762 91
80 718
159 98
588 290
301 888
994 637
123 606
299 814
670 146
921 664
40 695
143 106
330 933
161 853
804 11
465 981
980 689
521 363
950 11
184 235
180 387
406 58
998 517
162 634
51 154
911 192
832 429
194 693
560 162
871 525
941 232
180 717
182 372
614 504
681 528
619 227
675 76
968 175
710 116
972 343
330 673
900 419
279 405
576 261
778 105
790 586
327 849
206 658
125 747
494 691
888 235
334 67
651 947
199 477
148 161
335 471
508 969
288 33
815 981
27 864
9 722
390 811
130 621
758 46
748 734
593 213
666 876
58 371
219 0
754 957
223 342
845 968
689 850
844 690
358 287
193 447
845 590
976 714
239 701
803 7
393 798
14 862
63 353
429 643
292 780
123 412
871 42
541 907
152 667
398 781
156 307
476 306
589 292
218 773
869 704
455 22
508 945
87 398
457 804
769 971
261 447
89 541
54 342
911 176
586 852
151 971
946 23
186 624
650 725
318 741
494 870
113 459
718 730
347 853
477 525
453 98
855 399
108 847
754 713
195 855
550 381
600 892
255 813
389 171
379 863
610 338
839 672
89 37
55 318
786 994
782 202
464 122
978 654
860 801
211 323
313 303
245 7
607 680
869 444
364 601
233 692
496 788
194 508
143 830
422 119
604 790
817 525
308 489
173 467
697 380
994 37
401 73
583 96
870 207
361 453
303 691
611 275
206 819
103 173
555 332
900 620
762 17
753 37
704 536
161 710
267 296
623 109
43 70
43 27
380 848
565 999
149 337
250 525
342 126
366 688
749 320
209 853
818 419
316 747
52 718
765 496
587 997
409 29
343 12
50 485
33 180
105 402
296 786
598 57
799 910
805 935
134 762
707 163
933 940
794 126
736 613
754 320
199 435
993 677
13 43
667 472
252 587
93 215
~
1000 1000
351 408
206 407
841 875
575 561
868 209
397 973
99 331
429 270
588 611
999 151
552 297
734 860
590 661
599 531
831 653
967 148
371 457
802 584
27 693
778 70
24 103
453 716
141 546
786 203
888 298
549 571
391 8
17 82
984 712
493 287
393 466
890 75
162 774
756 907
287 540
79 431
659 698
924 902
945 271
923 950
900 72
859 942
290 496
17 775
860 934
566 139
858 81
580 796
677 87
73 312
148 95
397 307
507 443
265 357
305 3
920 390
104 221
490 168
195 425
935 532
331 413
977 799
50 828
13 342
388 244
172 975
667 7
212 986
58 602
108 681
3 133
185 100
429 387
714 767
344 195
226 408
956 357
63 291
89 537
959 137
679 444
107 385
802 196
494 757
246 327
191 320
497 863
77 118
249 96
138 733
347 709
140 619
46 96
496 952
928 241
671 997
455 777
342 877
810 782
1 531
689 353
656 732
770 127
748 878
694 230
547 905
643 377
178 310
595 844
659 893
349 475
200 507
762 913
750 795
779 925
981 916
521 74
823 452
406 62
679 740
34 787
132 436
736 37
638 783
810 635
273 307
273 817
383 338
170 181
307 564
397 753
11 449
792 0
117 329
356 612
302 294
831 656
494 21
730 106
72 577
346 923
1 696
148 505
319 930
925 261
700 151
953 361
155 129
765 228
674 754
870 921
840 758
555 540
569 132
560 199
823 617
845 981
380 342
23 589
126 812
725 952
722 837
29 886
500 580
456 742
965 895
795 869
78 275
128 569
772 858
764 902
260 529
394 736
121 837
544 315
948 279
17 640
804 444
347 200
926 890
25 645
638 304
811 839
287 222
989 685
855 293
709 837
239 328
297 470
577 83
193 203
954 483
928 363
323 878
921 607
571 76
920 627
751 238
430 720
532 598
257 257
515 848
828 597
175 263
74 813
972 66
281 743
336 40
572 282
526 819
369 986
592 313
965 798
229 336
533 368
364 635
966 237
552 240
919 510
740 741
693 54
937 778
719 693
541 263
972 909
302 257
138 419
712 242
272 855
411 247
294 911
896 190
203 929
709 503
847 408
631 562
339 833
48 521
717 247
578 855
672 107
947 498
276 952
601 125
865 846
807 698
258 213
264 582
432 525
835 444
540 859
336 294
410 606
219 449
850 171
710 753
896 630
396 389
894 674
259 228
521 475
33 961
265 337
627 291
405 336
721 719
831 934
366 826
755 789
535 721
294 666
458 748
84 348
761 91
706 873
711 207
158 29
650 388
524 389
866 29
250 795
264 993
78 442
954 581
206 77
495 578
521 203
134 864
124 254
28 75
255 876
237 877
985 917
322 572
73 207
956 597
615 918
304 777
243 159
428 71
276 359
465 803
371 456
841 53
657 924
818 125
685 981
372 518
123 436
120 488
786 600
362 562
597 145
16 359
884 901
835 809
459 571
757 724
516 903
403 428
1 590
702 265
204 682
213 338
674 999
61 352
365 647
571 884
738 732
57 572
627 916
783 930
469 305
20 749
692 457
205 28
925 835
582 672
620 52
879 938
192 609
496 229
348 630
96 684
567 822
650 95
694 27
137 802
697 273
78 831
235 302
423 126
181 597
74 761
574 595
211 149
444 921
722 725
638 635
240 545
61 912
964 384
143 956
17 418
286 538
698 233
313 358
952 80
970 698
899 29
768 319
376 195
645 406
906 227
435 183
796 212
410 154
574 440
629 229
334 769
294 53
984 995
463 280
17 20
474 83
417 746
43 735
567 996
765 961
857 964
770 66
116 355
488 284
929 110
104 111
561 703
296 355
450 470
747 998
330 930
559 816
699 266
768 324
696 401
915 66
95 714
813 44
807 112
685 158
116 250
424 65
121 532
780 865
782 625
366 638
626 792
72 776
386 253
445 839
2 185
727 321
939 260
27 149
502 10
539 751
168 28
437 597
999 265
218 130
308 133
817 601
201 984
308 37
829 145
644 766
981 53
281 214
190 771
708 380
88 506
105 161
453 693
431 177
970 301
530 813
229 48
731 255
72 41
781 485
253 232
763 329
155 868
337 816
519 886
520 10
14 751
119 602
282 36
686 782
299 505
852 161
920 972
267 239
815 964
450 665
753 810
36 722
297 726
407 88
471 629
424 511
984 593
532 411
376 626
154 356
42 668
536 79
398 744
955 163
261 912
27 169
138 485
62 175
978 115
683 878
533 264
746 627
725 273
746 275
558 645
779 115
278 206
150 591
87 589
154 369
35 741
136 548
320 715
736 889
556 452
341 850
66 904
647 606
221 726
912 772
829 519
178 11
344 303
710 305
282 506
823 474
784 235
385 404
850 963
556 32
111 848
6 556
69 436
119 895
17 584
94 60
828 288
261 731
135 768
449 716
456 39
988 830
645 107
830 223
224 6
849 812
52 808
748 203
719 828
219 215
145 871
340 957
604 462
541 932
268 568
45 674
488 45
272 757
314 228
511 614
276 931
311 637
507 834
392 49
64 57
601 23
428 844
915 629
76 707
827 79
454 671
931 913
595 690
363 78
510 399
916 73
547 906
166 186
699 56
675 540
559 482
291 276
947 382
529 596
877 159
61 297
590 670
452 522
473 921
549 122
673 651
749 912
688 107
542 877
805 530
83 173
837 935
607 137
341 597
111 500
207 568
253 757
668 84
934 477
153 527
718 954
340 408
395 866
753 791
95 860
328 542
554 99
865 865
703 573
507 226
805 635
209 696
242 362
935 665
923 338
843 846
591 603
303 486
756 489
974 525
81 256
725 238
703 592
324 727
866 983
829 236
972 883
436 383
467 983
895 22
410 320
160 221
182 144
73 470
882 987
688 422
125 992
315 993
897 506
765 57
144 808
18 987
418 474
543 779
202 301
78 762
602 456
592 612
412 848
491 31
339 153
407 136
145 662
139 344
954 123
613 472
256 920
274 304
401 297
131 814
782 892
801 885
157 202
34 756
730 258
653 841
377 435
50 405
662 664
493 522
137 769
236 826
684 767
823 402
927 55
904 263
911 140
411 552
482 598
791 700
950 887
677 733
690 864
410 973
797 599
0 687
694 196
641 826
43 692
446 193
918 646
277 143
357 164
737 921
897 36
575 36
185 983
478 930
728 130
686 966
500 571
773 392
321 510
709 485
245 617
418 54
45 780
2 85
256 821
174 243
474 331
201 669
452 834
454 888
618 967
487 986
21 420
179 419
162 397
727 597
338 660
32 216
428 522
8 265
272 936
136 763
965 349
429 46
294 928
798 455
704 304
292 249
743 25
683 179
113 203
160 265
667 678
611 911
635 824
631 867
205 603
296 891
570 144
892 463
854 256
725 944
313 885
526 977
113 932
932 77
214 390
575 441
174 567
33 764
217 294
310 692
920 654
581 962
777 53
398 457
878 779
244 58
687 109
717 476
181 723
671 147
793 6
717 550
636 887
898 325
640 356
198 547
879 659
247 240
683 372
858 643
941 497
82 966
817 194
568 361
58 719
595 116
91 221
970 399
662 5
368 613
655 785
550 320
611 688
40 150
670 676
897 485
683 378
296 995
144 546
423 793
456 976
497 640
794 626
893 37
458 26
856 33
159 550
31 212
13 783
725 579
35 967
706 687
112 126
429 401
322 622
268 475
919 54
657 72
111 860
150 126
297 254
804 923
798 667
713 966
275 486
329 576
595 363
190 34
300 180
586 136
456 534
724 423
823 248
378 155
163 220
582 340
820 265
212 850
669 808
307 334
959 614
434 115
308 801
892 389
151 254
359 313
634 978
362 965
912 823
989 97
284 354
669 199
962 139
32 238
548 229
934 221
455 182
648 638
120 641
229 625
937 26
131 971
624 305
852 742
458 83
841 35
796 262
298 693
794 924
543 512
732 73
585 2
989 712
68 209
725 58
25 693
226 913
543 614
179 453
42 169
869 532
311 264
465 367
230 736
918 939
281 951
427 373
428 901
848 458
582 122
965 654
279 625
954 371
26 139
497 244
885 743
850 178
798 776
509 143
633 711
69 937
575 603
59 745
273 687
688 717
101 299
431 611
328 693
122 519
37 905
532 391
45 502
239 300
727 492
359 484
618 315
47 478
9 373
570 925
566 903
228 449
562 891
931 466
987 554
328 287
55 896
610 654
289 32
405 612
546 259
199 103
633 323
483 90
422 860
282 769
931 941
790 422
692 211
953 411
177 335
238 569
49 97
349 216
794 765
853 632
494 85
357 136
71 823
843 268
215 360
265 20
865 969
525 371
940 730
968 454
689 780
650 998
315 115
812 383
143 139
149 81
532 674
913 766
428 679
190 550
275 866
577 776
504 4
185 770
850 152
898 26
260 178
126 709
868 22
974 41
793 908
927 415
947 195
163 371
143 836
189 438
51 993
185 483
927 301
50 57
917 37
414 913
498 824
128 576
53 51
333 967
143 136
953 129
516 671
83 373
761 245
30 405
246 589
41 478
550 197
73 249
965 946
565 713
954 398
186 974
701 361
64 289
466 965
293 153
574 127
633 389
769 475
578 195
821 663
~
1000 1000
81 217
735 874
732 258
75 62
453 219
749 589
891 246
669 808
327 22
906 549
610 221
946 978
989 315
760 869
689 55
296 149
153 739
712 759
108 803
815 802
327 38
714 860
434 241
836 176
194 536
550 119
168 734
247 568
7 238
270 315
892 435
678 146
857 509
657 121
346 806
848 972
419 436
322 59
377 311
643 410
257 85
126 220
759 900
350 705
296 64
706 781
241 53
768 979
473 808
83 10
492 689
791 310
178 491
916 738
807 543
481 149
788 510
468 707
847 894
687 822
142 351
348 12
393 366
621 602
33 802
445 553
355 917
819 248
498 941
17 370
948 763
607 730
508 539
117 676
424 398
409 814
819 244
190 831
605 334
622 198
249 779
72 654
112 618
133 912
261 872
16 362
88 297
693 111
887 252
492 375
314 290
997 273
509 543
325 606
964 885
106 575
49 381
468 66
770 191
189 824
25 260
482 275
580 674
42 254
78 384
647 525
477 491
186 952
686 632
260 250
621 450
202 774
810 367
240 548
936 78
2 200
336 435
623 675
678 230
911 511
449 489
510 693
401 657
201 762
732 15
905 753
330 199
365 226
890 152
941 940
284 381
309 182
953 75
286 677
631 501
347 393
585 5
490 992
942 412
825 79
481 83
44 654
210 570
4 291
99 969
762 394
85 245
405 612
315 518
728 238
591 527
191 876
284 29
563 76
557 883
99 439
748 813
638 262
909 204
87 562
227 170
768 839
211 550
842 721
848 146
76 328
543 83
770 864
28 937
880 452
228 935
623 75
333 69
286 739
442 13
837 486
748 762
199 282
62 680
734 974
423 304
403 762
533 682
973 421
816 64
770 861
844 472
716 611
716 603
230 788
427 876
271 743
580 107
166 276
942 450
143 226
896 383
884 364
443 108
176 308
23 564
664 665
358 294
259 901
57 750
115 890
775 947
428 942
165 915
725 916
219 254
997 261
571 665
640 807
751 113
314 445
83 707
939 463
17 545
155 963
572 736
231 604
767 576
605 82
622 251
269 378
557 914
177 328
200 316
895 306
771 184
579 214
571 886
306 471
204 33
797 204
85 367
42 570
513 156
890 627
751 603
134 382
524 527
355 297
751 321
48 85
413 315
653 161
47 381
422 681
369 373
136 264
940 108
116 668
190 47
858 970
336 43
295 961
984 925
226 274
944 88
371 752
655 0
77 989
287 55
119 398
791 614
381 944
929 543
964 627
342 344
413 661
913 227
137 922
865 675
47 291
875 841
81 156
72 704
814 99
515 662
796 470
118 76
531 203
292 304
202 486
810 649
948 183
162 234
147 154
0 83
793 3
929 228
498 993
304 395
686 354
171 72
565 55
525 583
76 466
22 750
855 293
568 64
111 477
283 497
990 87
979 955
233 298
936 712
350 733
359 545
469 474
911 510
411 859
94 159
61 83
253 754
659 481
657 894
877 881
620 32
274 467
300 836
926 992
642 646
539 162
77 593
268 179
839 88
494 665
432 635
560 800
643 381
149 185
414 715
943 194
805 511
174 350
217 542
921 294
309 270
844 607
594 485
443 350
43 502
78 34
747 509
365 825
526 276
806 693
78 607
564 608
615 958
810 334
660 320
825 643
651 640
679 244
414 667
609 258
292 103
602 372
384 851
595 524
224 442
53 766
184 385
253 780
808 284
712 565
84 460
504 103
290 468
405 258
641 556
407 407
336 829
914 561
677 397
627 963
735 766
883 547
102 67
546 757
897 450
509 266
544 984
75 971
372 817
717 144
443 71
36 926
145 270
735 401
403 157
629 134
813 791
463 652
799 475
770 819
539 376
780 438
162 653
988 933
488 408
255 479
821 870
185 942
365 67
961 627
330 410
256 187
121 342
906 314
75 866
741 871
140 798
971 392
961 195
643 376
909 10
533 381
141 879
333 207
630 820
359 127
131 635
956 740
307 667
660 307
98 536
69 280
558 572
706 288
725 378
767 609
661 44
236 748
533 995
217 938
554 176
105 29
540 585
202 800
3 134
348 186
795 748
151 110
864 673
946 758
606 169
345 874
447 825
695 556
563 82
597 974
899 441
553 542
359 980
490 72
521 463
2 580
1 271
878 282
345 431
899 587
356 42
617 106
723 248
108 859
329 276
792 155
712 733
389 185
754 812
339 955
389 493
528 435
609 842
928 483
739 596
804 30
791 739
614 866
321 328
83 955
221 985
610 482
185 597
13 22
959 504
526 9
351 417
4 470
348 699
541 25
997 969
917 424
559 973
160 712
897 202
173 756
73 280
117 578
261 929
698 661
573 58
386 722
367 83
150 485
778 355
142 684
519 6
296 184
676 656
568 599
484 894
34 716
708 811
470 835
102 208
588 559
723 904
744 279
845 923
559 57
59 289
19 861
457 282
938 270
687 275
174 404
96 12
961 533
86 888
16 501
547 340
538 412
675 747
216 255
177 721
998 609
184 183
179 723
107 958
254 418
806 520
873 473
734 819
427 822
230 631
425 57
653 275
508 762
756 491
441 226
436 684
644 342
207 291
654 759
53 851
522 445
243 45
50 773
79 397
775 136
766 362
393 374
458 158
331 699
662 847
83 625
676 838
545 998
322 302
806 760
559 359
198 478
108 779
881 504
793 248
294 178
149 904
873 21
451 949
319 390
617 961
295 347
402 861
924 171
247 176
176 70
801 770
843 189
579 386
797 259
989 461
376 124
667 584
841 492
568 728
352 244
981 247
789 216
335 250
110 693
72 841
175 569
476 494
729 27
662 34
22 93
228 476
820 534
673 235
296 213
729 230
252 283
178 626
68 753
410 924
142 242
715 728
929 762
494 290
463 55
431 626
805 454
53 389
602 209
421 121
30 304
71 9
486 78
233 986
125 869
10 389
629 580
698 775
358 80
681 37
598 345
93 35
650 255
223 879
35 28
928 546
325 275
640 503
388 970
464 183
976 940
505 267
426 706
836 884
639 419
611 504
325 281
919 405
852 799
948 283
911 184
578 317
19 872
6 41
7 385
96 648
428 503
942 72
190 469
313 464
972 68
310 811
941 560
247 616
964 622
883 521
357 411
588 212
208 463
415 535
958 58
882 711
545 253
353 898
289 260
913 426
116 10
248 661
686 190
780 284
561 884
668 633
446 527
540 741
245 646
333 552
801 501
172 506
416 886
985 961
962 783
948 652
552 925
883 184
207 721
518 761
12 210
391 779
586 588
548 153
809 647
671 478
506 539
920 138
689 186
768 903
858 518
866 292
855 654
350 858
24 251
365 902
940 151
588 238
896 32
90 504
302 922
92 351
679 307
908 214
731 706
613 642
32 794
947 468
786 196
304 748
298 723
985 300
530 420
547 180
600 309
248 745
145 317
406 332
32 21
754 544
703 853
881 292
645 714
535 802
432 783
779 574
365 553
411 51
918 192
236 355
867 410
397 638
324 146
708 165
990 138
137 742
324 268
914 547
336 927
574 886
906 39
94 640
432 310
41 219
567 267
839 404
969 944
48 909
79 112
238 481
848 496
872 858
35 982
505 456
546 927
608 354
576 285
249 906
884 569
804 140
966 445
988 551
353 758
243 791
673 384
756 34
312 178
73 978
68 491
894 722
194 989
478 269
601 0
692 683
744 683
764 117
858 151
68 443
340 12
157 484
627 288
934 694
187 109
451 158
446 451
306 635
538 158
390 270
398 361
87 868
909 850
514 959
244 504
373 314
193 715
30 228
253 83
660 686
995 227
550 192
449 679
411 601
543 100
386 126
406 471
314 13
219 584
548 210
451 320
184 746
513 650
702 694
886 718
575 122
360 83
746 375
382 454
330 685
283 254
336 717
90 594
6 790
617 405
660 918
528 576
998 212
611 913
309 595
886 539
229 698
82 470
247 506
573 752
168 767
238 604
946 819
937 226
169 455
223 911
240 867
315 943
525 304
904 376
123 611
871 889
927 997
831 794
629 354
373 406
243 615
527 446
750 247
996 720
100 151
31 784
978 808
443 485
159 965
216 760
480 926
14 968
653 493
458 706
532 423
927 247
789 884
679 621
654 554
266 427
8 911
742 711
465 534
32 499
275 29
778 560
549 460
214 441
376 240
449 467
661 256
867 499
325 48
398 817
89 797
845 91
83 583
863 461
589 38
996 440
464 678
231 584
328 869
692 899
742 415
165 119
86 831
616 851
747 769
723 728
623 229
546 617
967 671
144 113
70 581
36 924
0 449
318 953
418 544
163 862
385 850
909 13
712 162
390 613
6 992
406 132
656 149
979 908
282 799
673 523
459 398
347 264
674 302
496 98
252 918
361 547
152 424
857 277
508 234
126 100
664 853
536 580
884 588
776 956
102 174
179 396
678 224
679 698
190 245
324 459
92 855
814 561
106 211
59 120
40 767
856 245
568 303
681 705
371 9
360 522
946 662
102 442
479 298
504 165
700 173
3 861
804 491
75 208
225 329
273 829
478 753
331 682
246 952
208 450
549 221
644 221
550 709
217 456
140 829
391 990
108 408
677 831
314 698
952 257
~
