100
80 16898
-21701 7901 10720 15266 25064 16549 17202 -25835 12946 25686 9556 11303 5173 6311 -32494 13554 19790 13878 505 30189 5189 -2774 12743 24246 28052 20266 21060 6679 -13612 6771 23675 16509 22292 18598 7260 -3756 31572 1730 23484 29874 10513 31072 -16029 4377 9465 12683 13488 27745 3810 -25555 9240 2222 685 5533 12657 6589 -16497 13501 18705 31004 8150 19783 19853 -10907 21182 20897 3967 1278 15147 10461 -29319 21236 22621 30534 25488 77 3898 -21817 1109 10087 
~
79 26679
-12323 4841 27365 4663 15840 1972 28349 -11073 9036 27415 6624 31032 23943 6466 -7434 23032 17108 32766 7476 21409 8604 -20891 27324 32561 20662 25641 13248 345 -5349 4331 13770 1417 32674 10248 12979 -28494 11036 19588 11457 13789 30590 19567 -11795 7664 11632 18780 7999 17872 10720 -17685 28985 14259 30466 26253 7799 30281 -30357 2838 18258 14226 361 30676 28080 -16882 8222 16242 5088 8071 16686 12307 -17093 7098 4142 23948 15159 16148 21072 -7120 22182 
~
100 27693
-32171 23296 2494 29889 11188 17877 1461 -31159 10109 21178 32140 22759 20236 16619 -26522 21278 13455 7220 6540 15389 7755 -3345 26623 27620 17110 29716 25679 21808 -5510 21639 11433 25922 14121 21075 616 -4322 24310 18208 6814 12964 20420 12990 -23792 7786 11642 2755 1192 3626 18119 -11638 22533 19441 10003 31724 27093 15656 -1205 24433 6470 13079 24422 15914 17402 -9383 25333 8952 24153 13676 25149 7326 -26155 11746 32341 6183 25446 18679 19974 -14978 27460 31434 6530 32112 22937 5299 -32338 5024 13412 27267 3985 22551 28068 -23821 18008 19670 30573 28133 22137 27831 -24122 16487 
~
16 21657
-23941 11259 4502 1980 8853 17304 3992 -21358 12696 30343 13352 5608 8433 11882 -31730 27763 
~
91 3708
-13266 3279 29967 14362 15172 19924 32554 -14467 19228 9050 18099 988 5239 4439 -14803 8567 19441 23111 12326 27988 29976 -27857 12745 4840 545 21671 13493 9502 -7130 12974 17483 30620 9696 95 18223 -7495 21266 8813 22362 12297 24133 3751 -24683 17874 15162 2337 30782 14044 21453 -15502 9664 6452 9582 12785 2562 5494 -21205 27509 8076 30935 32242 9880 1011 -10345 32291 2447 32686 22939 18090 16358 -16421 13311 4446 19048 30731 16465 8608 -1598 23022 18612 13201 12123 8460 3646 -27523 25111 7273 30647 22957 24601 28702 
~
82 26146
-7291 244 22381 14596 21289 15921 11807 -29428 12170 15794 22510 18894 18019 24122 -8545 23955 26360 25610 26502 22951 1908 -17330 1916 13885 20618 3878 26421 11791 -3165 14612 31610 15442 31901 8821 28464 -14057 23539 9827 20441 22745 3744 6186 -25438 20733 18017 26529 2827 10491 7573 -24507 22491 6262 28065 13145 13302 6277 -25748 19554 17784 19300 7687 4374 28276 -3178 17224 5023 3641 15419 30391 24553 -26579 7487 3695 23476 20949 21587 25129 -27880 4950 25022 12382 23080 
~
66 9830
-24236 6569 14003 18756 6523 581 10246 -4373 5856 4811 18067 1618 194 17306 -1808 29027 19003 5742 4885 2320 29760 -22649 21213 25912 1413 19126 17483 2501 -14747 9338 17195 7647 11099 9292 9915 -9056 32392 8950 22633 17032 19632 23772 -18399 32243 22867 25997 24637 25287 20808 -31128 25253 2354 6491 8865 18941 30996 -28731 25011 7152 18168 26516 21464 19254 -32073 30840 1255 
~
62 9667
-14083 25758 21545 1831 26943 4592 10848 -27443 1349 28832 21576 209 23205 15631 -23437 11919 27400 4691 20158 26959 13844 -5768 3151 25407 31888 16747 16100 9996 -16073 28965 28365 29523 31284 16740 19660 -27225 27220 22704 6687 27131 20702 8189 -20922 8168 2332 6268 30421 11789 27279 -17335 11430 29521 16088 20957 31600 19587 -20185 2650 26300 24976 19223 8875 
~
66 21242
-4962 30577 10204 23429 8633 23492 14115 -14900 7272 29385 31515 30835 21363 18311 -8579 24726 11575 5878 25407 14466 17999 -89 17241 5290 18613 4046 16199 22334 -15913 22308 21612 12190 25047 2284 32481 -11797 13620 18899 5492 16324 23593 11311 -9969 9948 1139 2519 15521 17169 23626 -12344 9745 15947 23616 4773 12820 29086 -26733 30447 30987 5756 3273 20534 7268 -6185 22745 15358 
~
33 6512
-7822 21893 15643 661 6250 21333 24518 -11146 15076 8981 7478 30309 13582 30628 -23714 28178 25717 32105 2473 15685 16456 -10468 30866 4531 32701 21385 24536 16258 -32689 6863 2790 14590 11151 
~
100 10783
-11917 28018 13155 25633 27365 27022 23272 -3147 16252 2252 6499 8829 5440 5812 -14668 30 30089 30352 21206 22116 8012 -13262 10950 25039 31889 29095 29574 30455 -3111 32254 9333 19592 5014 2955 23426 -9867 11605 22328 31993 18151 1853 15563 -1436 18215 25918 32454 17142 16253 15441 -17803 26092 24327 31149 6596 9109 22866 -19006 24066 22604 19741 30291 2980 24835 -2143 9623 14075 7898 19851 8002 7852 -22768 32274 23184 19029 28792 20009 29555 -31859 6928 26062 22404 31619 5967 4869 -16192 30311 3997 29032 18289 2060 8008 -10974 16106 7754 11732 13739 31863 18443 -5266 13225 
~
56 11952
-17012 22228 27229 16048 21023 28428 14662 -17282 17986 1303 12556 31422 24614 9958 -29292 25215 17543 18713 14098 18187 25251 -25029 4436 21430 20880 8308 21536 11011 -6098 26477 14131 18957 4397 27190 2956 -15141 26296 5464 5153 23485 19763 9058 -22224 14725 32154 816 31128 19155 7162 -29549 9 1608 132 30551 31993 7601 
~
56 2242
-3193 24619 18372 11104 10760 1931 8388 -17727 14086 29948 11884 24723 17771 8426 -15500 15030 31416 16927 28883 17517 7982 -28716 29599 30573 11582 17675 6932 9502 -30018 16898 19564 8862 10602 31690 1933 -30217 26105 20977 20705 26872 2481 13693 -28002 9287 29323 17106 9460 14620 29356 -13014 32504 15140 4501 26450 11550 20512 
~
58 5788
-6266 22689 20885 23155 17627 5647 21211 -9770 32344 29168 2927 26633 1323 19047 -17526 23024 11203 26619 9451 17725 6932 -154 14484 15856 12594 27614 25397 6413 -11806 27791 5123 8770 8927 13160 19803 -21706 22229 32542 21684 7057 5963 32158 -7891 23705 9547 21142 19518 21404 13750 -26424 18930 32755 14228 26427 27224 10678 -21672 3874 
~
78 16933
-24647 12224 5986 9030 10347 2812 2045 -29392 23812 28114 7901 11336 398 11162 -2187 5738 7400 24205 10735 10186 7012 -4485 13064 7867 5915 14084 18913 20592 -31363 4472 25024 29537 12611 28861 4768 -26864 23365 26852 1249 19021 13837 26163 -17727 15511 12362 17004 5377 20548 23467 -16211 2674 28610 12532 2666 5525 8542 -23121 11775 15637 8294 30698 4968 10107 -4490 4791 31374 17571 22152 12694 2728 -11121 17673 17563 24649 32704 17605 23207 -15517 
~
51 6382
-21820 14831 16048 22732 3727 10607 2817 -23461 9695 32307 19933 7135 26118 27003 -32271 21864 31310 3129 4181 25430 25989 -25041 18196 8395 28500 18461 10825 20764 -31692 18612 15299 21298 322 1900 15248 -9264 4189 31261 4277 30037 8813 19880 -10786 22821 8702 7224 27620 19395 25006 -22728 31901 
~
18 30011
-5094 1841 28508 8416 32182 17603 482 -21218 18745 25312 13782 23398 21711 6649 -10037 22149 15355 2071 
~
93 31906
-13927 9162 638 19707 26664 23394 21859 -18047 1858 13410 7091 8928 31343 32562 -5765 18408 21788 29460 2912 25360 21685 -18009 19363 25423 17186 5845 19236 17712 -25234 13968 2584 25895 18039 12478 22067 -19493 15825 6898 10000 10858 12976 1678 -6610 29851 8948 9854 20492 22292 5720 -32038 13790 29567 13743 9880 29537 7333 -26477 4875 3397 1157 5480 17801 30905 -4259 32736 27367 9867 18595 16829 23802 -18833 4886 27161 26120 23623 13460 20222 -22653 10681 17675 32113 20191 23972 3926 -27311 10244 24536 3858 19126 4995 32480 -173 12295 
~
100 11749
-14271 22699 4140 22992 12190 19572 14308 -6575 2605 12421 27064 15962 28916 29716 -21655 1366 3190 14959 30761 29433 1470 -9789 21253 6095 17980 27143 16677 17725 -27087 16887 7830 30052 5923 15071 628 -27208 12861 27260 9750 18482 7508 31997 -19590 12115 31715 15295 15924 6313 11260 -29019 11499 31271 27103 20194 5123 30224 -20939 13927 26841 6564 13332 3774 12156 -28414 28534 1156 18345 26173 17833 23647 -1530 23010 24117 14983 27994 12921 27528 -902 7356 28028 9798 14908 17677 2932 -4832 32549 15206 10593 17768 5343 31623 -18780 6052 3558 11905 3707 1377 1955 -2482 28661 
~
69 5797
-6646 10118 25208 18478 20252 24341 6668 -23793 23447 24981 507 8474 15478 21289 -7146 1423 32151 13451 14523 24181 3607 -13742 4262 27383 14604 7074 8587 2626 -5751 15801 18310 16852 2164 24040 17349 -30967 6324 24687 9622 3464 18989 9916 -18884 9725 13072 4493 25636 25767 29436 -28246 18283 24627 22897 21474 24386 1399 -20615 12860 4253 18028 24544 6608 29768 -14966 23515 32206 8130 5100 5386 
~
59 28751
-3796 7143 17083 3145 15598 27842 6890 -3767 21237 6142 393 4385 23329 14973 -11584 1954 28912 23129 16913 9022 27174 -31701 25220 11894 4370 659 23553 6170 -21524 13063 29309 8287 3676 26667 3929 -23601 19956 20852 22406 714 15105 19717 -27886 14724 1094 12836 24335 20971 29929 -8170 3817 11799 6010 9278 2587 16185 -2609 20228 8521 
~
7 26743
-1425 15808 8173 28072 10850 14941 20517 
~
92 27918
-17323 27526 15188 22138 843 26685 1194 -25932 6809 19016 3307 20130 12428 2511 -25711 14083 5854 13240 7770 30614 19053 -30838 29726 17297 21218 7457 16961 16885 -17808 716 16993 28537 28575 14355 9845 -23747 27497 18675 31061 7390 9508 16607 -26749 30697 4802 4879 23309 13836 8981 -23836 31253 5809 10295 14282 3600 18416 -16681 2596 21934 29258 1722 4815 14807 -11419 32682 7064 748 27722 8208 2895 -29520 17859 22521 18904 27431 4391 30034 -10879 31069 18241 23816 20620 32234 10941 -24429 16919 16725 4500 11230 7454 9591 -25291 
~
47 8917
-21378 7261 11286 3389 2882 30070 28679 -25336 30626 28897 8288 15708 11377 29636 -27653 13510 12646 13451 1790 26417 15970 -5666 26840 19719 3318 17255 19016 20534 -25381 7903 9746 22919 15211 23207 16681 -18476 11774 19630 32280 1943 32595 21282 -32672 14227 30692 23848 24227 
~
97 26929
-27600 30529 15922 1028 8008 4416 4672 -25594 9296 26545 24981 29759 5613 21456 -24973 4505 10082 7981 19338 3496 10844 -16649 13524 30572 17773 2819 6308 19719 -28347 2292 18555 31428 32506 6167 14008 -19289 28823 31085 20330 11625 7990 25439 -21347 29261 7007 22182 27022 27156 26228 -14952 23170 200 10983 931 10838 16627 -17577 27599 1207 24418 11750 31423 12089 -13353 9199 26569 30187 17640 6264 5670 -17966 17484 17155 12443 27591 10968 26268 -10329 9266 19685 8135 6947 31801 4583 -20151 25774 11206 12531 29120 24397 25590 -5758 1039 6094 17262 22376 13465 
~
78 25842
-21817 2385 12340 15412 30634 17054 22189 -13545 8039 4876 5812 18466 13843 32578 -23973 31706 32652 31284 22258 203 4209 -4505 14021 25223 3554 16032 6119 32195 -6791 11998 28896 12534 5332 6539 25696 -31523 2699 29935 28893 31986 1410 8215 -17278 4102 5542 21708 12856 26763 15424 -30150 8503 29966 7287 3356 22399 28818 -5398 3839 1747 23264 10128 13480 2773 -19230 20546 911 9072 20643 13303 21726 -11891 22026 18097 28965 9342 14981 20391 -5199 
~
42 5492
-28298 28117 24132 22583 1548 28977 15042 -16960 12195 2710 17498 23404 7306 3038 -5319 26771 2058 26052 12844 3678 7927 -339 21174 5720 125 19870 893 2632 -15389 21938 13996 6591 28914 29385 31970 -32237 29241 28352 28120 20408 5392 10955 
~
91 1040
-2942 7784 28924 636 28852 17041 10590 -2553 27282 15670 13551 22533 1133 24810 -32323 17911 10000 21725 11038 20625 20992 -30986 16345 15832 31237 23217 4615 21795 -12517 19720 20056 23923 31347 31278 5565 -22018 29384 96 30156 7455 10705 28527 -16487 31032 22538 14961 1688 14393 20616 -29111 15040 22805 21565 22784 15857 29601 -10872 11756 23704 21161 8875 12980 32351 -29758 25457 20759 3409 25677 10959 27032 -22591 9590 25530 8934 29795 7194 13530 -19868 25156 12214 27790 12330 31193 5744 -28208 20243 25073 32496 1178 1370 5843 
~
85 15849
-310 17441 22808 13441 30989 30210 29316 -26961 11424 25983 1190 4952 1668 25646 -9939 2151 29137 11022 32535 9001 14366 -4275 12237 19042 31660 27299 17260 32116 -8673 7679 2724 2599 16888 9062 8362 -20393 27640 534 2512 13012 23522 1620 -8280 10160 27951 14095 17290 29753 25209 -20160 32004 4194 21881 15252 4178 18265 -25393 27341 10430 32269 26730 25445 6505 -17134 25185 29685 25499 2803 18366 30678 -30552 16354 28101 30598 25140 972 19920 -10317 24680 19926 16125 3872 1060 17472 -30756 
~
41 26407
-30623 28172 18744 6798 25453 25054 27726 -18665 22468 13273 24984 16020 12391 20040 -12682 19525 32002 15537 18908 14305 32435 -17232 1841 12180 7880 2755 503 29472 -17099 13319 8846 10101 8636 26787 16556 -2179 32413 15139 20992 27980 27700 
~
92 27669
-21053 32268 25982 7546 23998 2749 1806 -25120 4872 25453 3221 14083 10038 9367 -11573 4364 11423 1035 16650 15158 2148 -16438 864 24561 26181 5284 17699 16836 -7865 22467 9110 26421 17213 9706 5960 -15853 17644 15769 28485 31000 26960 28931 -3209 12043 376 20681 29114 31273 5962 -29705 31510 8455 1307 407 21162 2510 -11133 24202 29892 31969 14680 9723 22700 -31424 14909 19977 4495 10541 24310 7712 -31676 7053 13410 23164 18963 31376 15488 -18664 1977 20244 7625 29388 25105 29767 -23747 18534 20200 29964 21459 2392 25328 -22689 
~
90 5731
-27760 8830 25572 4210 9785 2432 19717 -26842 5852 10822 29157 18144 28698 14556 -6774 26236 668 30102 11971 21596 6629 -26943 4739 11052 21636 11379 24302 13845 -19598 15946 28367 7299 9291 11831 28891 -31532 19248 7471 29761 3662 3853 23053 -9090 20791 19848 7477 8579 14091 22986 -10103 15585 24770 27256 18487 28036 29808 -9189 3787 20599 31177 4742 11045 5622 -24548 10662 16818 5577 4159 6746 13953 -32209 13060 5816 13224 20193 2186 21828 -28388 7119 31775 26795 29311 16074 21509 -16308 28023 30957 8890 24947 20188 
~
9 23932
-14784 12410 16112 15373 2535 21688 2903 -17844 20897 
~
96 22238
-12164 17475 5088 32169 28640 7734 2352 -6017 11071 28327 14454 12070 24109 10623 -18758 999 26771 5526 29550 2417 24119 -27427 29585 6629 16518 13944 13073 3629 -1426 21228 10034 12431 4183 4632 11133 -15746 32322 25414 23395 26305 28148 3878 -12067 3231 9027 23491 24558 8602 11393 -11446 22344 27698 27905 29593 11697 6908 -12504 1215 31877 24306 11745 9250 1825 -13 5636 24221 32583 8214 7863 860 -26820 8121 8644 20880 24655 23003 15181 -11879 18869 10541 2318 30523 10547 27649 -28387 17418 11299 31325 1162 11814 9436 -16974 4265 28461 32211 32383 
~
87 27708
-26630 15114 12359 352 18586 7310 22586 -8525 10690 7554 12886 7507 13028 13769 -19650 10637 27639 8326 15588 29020 20528 -13361 26404 20499 29661 235 29683 500 -16785 10510 5644 24924 4737 10249 1530 -1082 9774 31595 22235 19909 15684 25149 -2147 18543 23490 9877 31268 23572 30300 -9576 9228 13432 3870 2208 14383 27632 -1361 26478 4550 20063 7330 16610 5496 -18532 32641 1209 26329 22226 16584 7798 -5937 2657 8349 14004 12670 29603 6297 -7866 18364 2873 29482 6736 25955 27206 -29237 31697 2866 
~
4 18688
-18050 6187 27222 27984 
~
34 17375
-4030 974 29378 3563 26640 27567 11223 -18115 28295 11668 11662 5550 1751 20911 -1375 8210 5986 24872 8933 13810 5038 -5823 21997 10165 2839 690 29389 10537 -4033 9697 4343 26055 2513 18480 
~
93 10809
-19165 3629 3511 18201 30112 4595 23923 -4348 3571 846 1453 8623 17657 4895 -26320 16064 21913 11778 8987 2368 1329 -18991 17655 23240 7304 19614 8072 29626 -27909 18799 7554 24265 13855 9096 29246 -11708 32533 20352 24845 29550 14559 15804 -3788 7962 15460 12247 4536 7381 30957 -32071 13188 24412 26330 2878 6569 14096 -4756 31695 18430 6719 21442 22610 12680 -17061 1216 15113 19347 17459 20044 15364 -22273 271 23427 9537 21475 7899 2573 -12824 21318 24890 27284 24022 6991 3472 -9594 1449 20875 15370 6091 25020 8064 -14815 15472 
~
62 1416
-24789 13734 30712 20447 2054 2735 326 -25082 29156 28103 29223 19482 23419 7770 -26794 24354 4342 15220 15607 12965 11109 -6777 19766 20804 23485 30230 16556 32567 -26400 2423 1575 20265 14431 27579 4509 -31049 10942 16293 7440 10398 29175 2964 -28852 12954 17281 19893 30292 27891 9489 -8311 7154 5550 1122 831 18862 381 -31794 7006 28393 1098 27277 320 
~
5 18452
-15437 28133 21311 1530 4578 
~
1 24872
-21909 
~
27 29904
-306 1675 31093 20613 20959 14433 2708 -29316 4110 9361 6159 308 14040 20189 -30575 6537 22201 4066 16555 20017 26608 -11760 21415 9998 7208 30745 22266 
~
45 29527
-6024 5108 3429 6119 2837 21472 17201 -17940 278 8838 11906 17045 887 6644 -6593 9342 10765 7038 9856 30309 18215 -6660 32435 29379 16998 22899 9757 24478 -5583 18318 8 19813 8479 20975 23865 -15644 18270 23880 9763 29112 2743 16879 -30043 28877 6791 
~
82 13900
-30310 1972 10855 7212 24628 4928 23327 -1327 21484 19230 7355 7674 9450 26948 -25895 22874 15642 10497 22343 4150 3352 -1681 21560 24002 18326 7407 12760 3062 -27647 5610 14984 9279 25689 24699 23088 -30836 14960 8534 7300 14347 10289 4543 -24710 25997 1876 16543 25932 16455 25662 -27095 5124 30275 14373 22484 11061 12918 -3701 867 12104 23355 6514 26055 17478 -5376 31263 12554 21731 23871 16223 25232 -10940 20913 24667 25586 23517 30654 13859 -11785 12678 6199 14488 8776 
~
95 839
-649 3663 2249 20647 24860 3518 27463 -28690 29296 15943 4701 7673 6016 31240 -14471 4215 15691 3095 1614 28807 16690 -4958 14791 29557 29857 1961 26460 10386 -1009 5373 14286 20268 17549 16684 18299 -18621 11860 4006 2781 31587 1087 6034 -23636 14480 28740 16413 5925 31747 5754 -5906 25538 5879 25469 30124 6476 7066 -6676 26536 22614 7360 25617 2205 17132 -5593 27257 19344 30163 3872 14565 24771 -10003 21014 28712 11727 3507 16943 3122 -3058 30404 11723 16693 16554 11169 11111 -13318 25731 3444 22293 4549 11309 2556 -1065 19136 18385 19854 
~
34 29845
-19621 22106 31801 6039 23743 19696 27923 -27507 295 17923 31805 18196 27183 20844 -22455 18371 2567 31345 30785 29587 15756 -7496 12494 23292 30561 13783 21046 32198 -8513 3006 14123 30504 10131 24471 
~
66 13618
-25407 32124 26946 16232 21953 22730 3106 -20656 27516 5413 20399 18542 14416 8381 -11244 14061 25198 17359 22445 2305 12139 -18798 24141 5866 26516 9603 15776 6780 -898 15379 8232 20605 22510 11712 1932 -18767 13254 19859 31557 11470 9343 9208 -3995 30076 21678 8970 22736 26332 14546 -28689 7835 17179 32372 26185 25560 1013 -29043 14054 5757 6871 19353 19028 31696 -31809 8817 18115 
~
79 31343
-26461 24547 14096 13112 11747 21484 13667 -5430 11336 14818 30037 16423 10848 1303 -31870 17555 21156 25073 573 1712 6533 -20461 12714 18562 12032 7396 18380 8006 -11891 9614 25101 22545 175 32580 4330 -4021 9294 28426 751 484 20551 20940 -23523 21400 9407 23016 3136 23729 24098 -17901 15590 13536 15987 29858 8975 1989 -8416 31307 20614 29780 27546 6951 21524 -31613 21475 20285 15931 16908 10345 13145 -24103 10702 5586 2897 19170 1525 6552 -14732 3271 
~
49 5911
-20421 31545 30800 17124 7437 8853 20711 -22625 23823 18020 2611 19854 27800 21462 -4603 31010 10071 22636 7686 24283 21217 -20724 3899 5650 15095 25786 4103 32402 -25356 24829 29183 14250 28930 2208 3783 -3457 13621 3106 12338 20650 29626 15824 -17322 19448 21225 22073 23763 19604 4888 
~
79 19307
-28748 29610 2364 18549 11822 26953 12243 -32406 19798 2415 4040 29119 15876 20267 -5250 2572 2290 7458 24479 17900 18660 -8404 12081 22403 25216 31520 29735 12620 -28256 21002 11529 17923 2406 12221 22761 -32706 32591 21196 5782 12906 907 21437 -17426 3396 27724 17352 12870 20456 9182 -10460 16629 18014 17462 31459 30447 20612 -4301 1607 27271 30895 17071 22453 3654 -23957 23246 5409 13793 29547 28317 26634 -26473 24650 8922 23807 19650 30679 18603 -23650 22870 
~
91 20717
-8300 30730 31184 2505 19569 21874 3446 -23176 2405 6720 12356 29096 19360 10755 -13803 6447 9694 14862 30135 9535 19850 -21685 4351 12523 13372 7360 30912 7497 -23168 25881 30341 1736 16345 28872 15498 -9412 5125 28449 16672 18264 3459 2108 -26963 26484 2387 3494 18123 32047 22525 -9046 27888 4190 23508 29923 8530 14181 -23676 19188 27463 30797 13226 5367 18134 -16407 14123 15126 32467 25680 1064 19558 -29260 25318 4008 23906 18724 21562 8278 -10905 23550 17270 5509 21411 21340 24865 -8049 16985 16904 17393 19655 4678 16052 
~
32 4456
-3160 16605 31617 10858 2779 17653 23445 -864 22952 31680 15578 220 26266 2303 -11299 21554 22082 5452 11437 15486 20700 -14149 3249 22760 7041 30700 26678 28710 -20894 30286 20009 20803 
~
56 28259
-15279 12703 14337 10038 25018 11320 26448 -3141 26843 17959 5324 30251 10071 7278 -18955 26236 32124 7920 17641 15089 19509 -31937 17090 7109 14813 9632 3044 10590 -14673 1218 21315 11568 1865 22738 15983 -20959 4584 19765 10692 9891 32401 14482 -31968 29169 16893 9362 9051 5976 32394 -740 32178 5289 7382 13189 24195 23130 
~
33 16446
-26624 812 2943 29038 23966 12044 26870 -8201 15885 1335 19270 26849 14701 8610 -6565 9508 22463 29081 15421 19494 25497 -17318 31872 8801 27934 3764 16316 22971 -31022 13428 20463 1799 12506 
~
52 9948
-4301 9499 31167 28510 31566 31427 5512 -12541 13763 4787 10250 22975 19686 591 -32363 6720 9907 28719 23343 18437 11120 -10519 1884 14862 32747 298 32475 21418 -13571 21850 15394 12688 4201 16675 26384 -11562 21160 23673 27416 10804 7779 5631 -14498 25222 25822 32121 13742 9262 31681 -4740 8635 13762 
~
8 27525
-28903 21749 27293 18655 25175 871 31034 -26729 
~
77 5570
-20938 11551 9416 14594 544 28439 561 -25108 16714 1975 9779 23459 5654 28198 -18604 26159 18134 30720 12050 7775 30305 -4686 20894 7576 4698 1717 23472 2254 -30389 8429 2927 410 27254 18549 13487 -11661 22972 25221 27417 18373 28927 4165 -6021 28861 32150 7484 31915 12393 14204 -12811 28411 24195 22611 8027 17353 25888 -9129 21780 15277 4486 17531 22991 27690 -26433 9207 22159 27789 10612 7558 2731 -18968 3694 13322 15375 1888 20861 11364 
~
29 10996
-5895 12602 13837 8511 22230 25591 14484 -30128 16564 32531 12900 10008 20280 28052 -4600 6995 31967 31701 32467 30250 20318 -1414 24434 22392 11575 17652 31615 17548 -12683 
~
22 3655
-16591 29231 19352 23918 22950 27650 2900 -10209 10650 2429 14623 269 5815 30603 -28937 27727 20529 15515 9110 19627 20302 -17908 
~
11 31936
-24447 24393 4676 8955 29136 18574 26640 -5644 16259 24074 21023 
~
6 32760
-1708 13426 23339 13777 23714 6741 
~
11 22355
-17448 16865 12219 22030 25758 196 12158 -18880 14302 26181 8831 
~
15 9164
-16002 27373 1526 21039 23292 26586 15450 -15039 17494 28654 20477 4990 14682 25688 -1179 
~
88 7997
-28682 2483 29366 18212 18214 3120 30480 -11494 31411 2889 21443 4884 13461 29862 -15847 8247 28604 19396 3605 24920 155 -24730 11382 21958 476 22909 800 26643 -31058 5185 27299 30816 18735 8865 17630 -23514 16759 26080 14872 30085 26036 3505 -19532 19513 15084 32341 13507 16874 12752 -25091 16360 20524 310 27020 7001 28149 -1225 63 19002 677 29695 30474 13262 -2629 1356 27363 72 20236 20886 27238 -14302 23592 3048 7872 22560 3515 24938 -31691 21384 25123 5521 15226 12114 28798 -11923 10360 13197 10349 
~
50 31756
-24947 16153 21065 21312 9206 28020 31435 -32578 28315 25538 20074 13578 16011 5719 -27831 24637 12776 18338 30713 7506 10589 -29546 25447 7923 10233 32600 29082 678 -25917 21686 30529 22700 17779 18294 13847 -25385 11330 28278 25618 20614 23936 20738 -13021 29972 24647 3483 27529 18418 6219 -24054 
~
12 10032
-2410 7240 18362 10036 31109 11713 22323 -29021 25743 30294 11676 30183 
~
35 14788
-25936 29967 475 3538 24459 9079 7838 -16854 7638 28107 29497 24442 20422 8101 -19954 10432 26854 29102 2776 14148 21234 -17159 30623 8386 4166 487 10667 17623 -25237 1925 31339 10252 18910 27448 7656 
~
16 28572
-4316 1950 21829 21054 30329 4490 23934 -17622 1311 6532 29704 5909 26900 2255 -21223 31095 
~
18 31215
-29025 29115 21898 28858 11201 29590 5453 -22706 6229 29096 15341 15762 11705 31407 -1407 29223 7767 14075 
~
32 6497
-3375 23074 27176 17834 32724 23796 3498 -8822 12727 5041 5245 23580 11432 29818 -8591 14820 19098 8710 31496 7777 1191 -3734 29045 25089 13140 19243 16934 15330 -9237 22262 30932 11495 
~
60 784
-5256 8460 46 15979 29623 15094 19006 -24073 19378 32207 21407 13675 12094 18768 -29932 4941 26750 23583 23306 30352 10778 -20572 24937 3960 23450 18038 24966 24855 -1299 12868 7093 5897 7686 32337 7453 -25442 17285 31095 18180 30949 6551 17071 -23373 30071 23518 10023 12862 20691 24951 -9877 32135 9086 6178 4556 15488 23038 -15011 30604 17843 10311 
~
24 21407
-2458 20854 29803 13345 29354 6081 14682 -18720 1680 26798 4342 4709 11450 6532 -6329 8080 15897 18431 15803 5739 16933 -13128 470 29560 
~
34 8484
-7176 14540 13218 9068 30746 32544 18252 -20925 22911 7462 4315 19312 9599 22809 -7018 5581 6293 22680 9454 10875 27413 -17076 2052 19003 10513 18504 29421 26583 -16766 1673 4054 16212 4243 30685 
~
5 28015
-26994 26353 24146 6984 25354 
~
49 31674
-4696 27708 7307 19482 19624 27452 1265 -5362 21829 27707 25787 13191 3311 9027 -23764 19941 10001 17762 8230 5413 29430 -32010 9832 31980 17721 32184 311 3124 -5501 31444 1897 11087 9311 1496 19102 -4904 15785 6069 2839 16845 27336 18803 -7628 6186 10625 23 30904 1303 31455 
~
41 22904
-24982 24176 6710 14868 25173 3505 11316 -2077 17019 3014 24228 20984 2977 23918 -32413 24185 7965 32055 199 25268 25735 -24558 17412 18959 16758 7514 26454 17564 -16011 4394 14077 4006 32177 2091 29919 -11402 26018 19902 45 31176 9902 
~
58 8260
-25178 31928 15726 30417 5957 21121 953 -23865 1901 10793 19870 12600 2477 28402 -18914 21704 27943 5192 15320 25924 25561 -9726 23183 28109 31602 11739 12362 6381 -6243 4693 3632 9594 10040 21148 26693 -8893 30761 17370 11673 14292 30956 13241 -28864 31317 16590 5159 29825 6196 8962 -5206 28882 22759 15161 19206 9221 14791 -10355 22022 
~
84 10682
-27156 4856 9506 10255 4922 21846 9693 -19113 18510 15794 15166 28512 15065 5698 -10811 7332 6041 22683 18080 21859 6869 -16573 18945 25645 16109 4432 5875 24983 -14645 27949 15484 31197 14595 27168 19911 -13771 7431 16620 25116 19165 4827 16016 -20752 13989 21723 23241 32505 10605 31287 -6104 19877 1054 3399 3973 1356 28000 -23582 20836 18882 16899 14177 30295 28657 -25758 4954 3412 18311 12405 16200 17769 -11500 5024 9977 30973 30583 5226 21147 -32344 6113 17912 6352 24934 31482 28715 
~
80 27319
-1178 28358 17395 6091 14043 3028 12447 -26765 22917 22852 19262 9757 13770 19927 -30884 1746 14900 10556 6096 21376 6875 -25465 17345 29174 16859 11148 26507 30923 -9221 14674 22697 12379 19925 30377 27541 -9484 15524 17361 13974 11990 22559 23321 -30425 4610 8184 6071 19396 7473 25052 -9207 15495 26785 2980 21144 15348 6828 -28111 10098 7824 21905 560 21341 14058 -12919 2788 10063 3115 28079 7559 17092 -24303 10298 28327 355 28755 25227 29049 -27614 16207 5261 
~
39 12314
-12359 1768 32314 25744 21212 20865 12453 -6899 14856 9023 13026 1554 6762 14101 -2479 14081 8926 6717 32747 13683 17233 -10177 17414 30571 21972 23872 31158 31764 -24046 27887 5099 3564 21047 12510 2822 -28712 9250 25469 17221 
~
73 31259
-16734 14210 27963 20434 30780 15390 28678 -28886 1853 28216 7336 357 29812 8994 -31865 2435 31658 27669 20000 13897 6750 -547 4535 17792 7434 11886 8234 20334 -4520 664 20960 25328 17269 30074 30878 -10185 9205 14361 12456 31546 17719 22229 -19753 15059 18778 31460 25556 12680 27472 -24575 15308 23303 1250 21083 9153 29001 -13812 18651 29532 30823 4363 28548 15326 -15536 28940 13873 27652 30456 23623 14216 -27437 2866 6323 
~
16 28606
-5442 21883 24116 5318 14348 3514 20701 -29406 25297 2179 4219 16468 187 6693 -7862 15496 
~
2 2733
-12018 27285 
~
94 17836
-9999 24372 5638 14138 6227 9694 11752 -31290 17572 305 14938 15328 1019 2709 -19255 30833 7701 29983 26702 30026 27756 -30646 25342 7204 22629 8820 26115 7062 -2507 9038 14223 28891 22908 15864 24988 -16086 23650 31491 13441 5715 6821 21065 -22468 5008 18207 21642 23856 29948 2833 -6231 2599 3902 14868 28207 19257 17017 -594 8169 1525 21711 27893 16209 15614 -22052 17120 18454 14946 28964 10653 6372 -13352 19847 3223 1997 7976 26515 9866 -5613 9248 227 16183 1614 27395 3688 -29020 23561 12436 18349 3299 942 23092 -15199 26970 11238 
~
36 3340
-15523 4439 1279 16427 18925 16840 1539 -13405 31971 6790 17965 14066 17698 1542 -6702 19887 17905 15563 12683 7886 11820 -3466 20024 6727 19586 28813 6761 18510 -13281 27221 4261 24861 1069 387 10780 -4595 
~
64 19449
-18234 4957 12783 22332 1660 29876 27089 -28700 32131 16615 3750 3480 2151 24698 -12397 25340 9037 23759 31126 23884 572 -26789 9585 4069 23340 20958 15079 21602 -5728 16517 24424 8637 22774 26383 22052 -24246 7613 2017 32638 13177 20550 29715 -27837 7803 7742 26484 23557 20645 29434 -26062 12423 5300 20820 32107 15092 17888 -32694 4823 26167 6587 14964 6632 7267 -16733 
~
71 24572
-30698 9662 19863 19330 5393 17251 22688 -13500 6048 26941 9656 15298 14558 24270 -17512 16331 29116 13709 19290 23464 5457 -18828 26218 2961 28550 13656 2815 24612 -15379 15648 18076 25259 2474 29978 23474 -3742 23921 10019 8377 1129 10934 15270 -21886 22894 29407 10686 25279 10574 8607 -12959 14325 19556 31088 27698 15217 22419 -9277 24319 170 18754 15454 15184 14550 -1956 25034 27027 4535 5181 12168 31233 -30392 
~
6 9575
-14205 26680 12416 23023 25023 23846 
~
43 2199
-21169 25294 3240 20537 4889 28402 18021 -13762 8825 6173 32585 16174 30259 10292 -7024 15028 29681 15694 4967 1597 27460 -27845 23279 27419 21132 7310 9470 25080 -19223 1733 10503 21260 12429 7052 19835 -9876 14219 13590 23440 14719 24462 20991 -8257 
~
66 15379
-18911 7830 13006 22780 12318 14117 120 -15926 22794 26841 17210 22169 13606 3826 -8929 15887 30405 16461 4454 15097 13784 -13286 11625 26318 1541 20123 10458 18949 -13049 15923 2042 28470 5886 17822 19586 -12668 16336 7806 24865 18973 21932 5095 -22828 24941 30891 14947 22674 9967 2126 -26938 14350 13502 2394 22768 14752 16939 -7654 2830 24893 27048 17330 24358 17862 -1509 19642 30993 
~
15 27192
-17931 23675 3873 31298 16598 24994 15450 -25808 12739 26458 25330 1535 23175 26197 -8042 
~
76 29113
-18849 17441 32490 31969 12402 9231 6717 -4307 32034 30133 2663 27707 21878 25172 -17401 8312 30755 5470 19949 15534 2960 -24618 9865 12054 18910 17899 28551 20633 -11814 995 9586 20126 1793 27092 26195 -26400 4686 5816 2957 11011 1583 28081 -6918 15016 11093 22339 21383 12479 27774 -8897 22630 12124 32571 7173 16482 17229 -2551 10596 3022 4524 27445 1506 17906 -944 1561 27553 21934 25800 14378 17056 -16736 9963 23638 10146 27144 16681 
~
67 24427
-426 23687 10388 2610 16628 17161 24107 -11092 8225 17680 17325 22854 5917 2278 -31755 10701 10474 30872 12272 11889 15938 -16900 23950 5423 4990 7474 21918 16750 -15798 19688 2466 28980 2858 3448 3950 -17050 17120 26077 32230 11645 1935 3846 -1801 17783 25020 25970 29487 22541 13603 -6397 24974 15146 9560 3834 29187 24525 -11694 10881 15376 31998 28760 28426 14113 -26374 206 12603 30739 
~
35 11635
-18943 26614 9706 3188 32728 22546 480 -20467 6774 5929 23819 9573 21640 27644 -16054 9272 8146 6416 22498 4025 28544 -19890 16442 28726 31930 10297 32585 18271 -14712 11659 13803 25586 26008 23011 31745 
~
96 31278
-11985 18025 23050 24347 25218 26926 2167 -7905 5185 2555 26666 3253 10814 5846 -3432 4310 15502 5386 16279 3870 12660 -23653 6054 7126 28383 4772 23976 29391 -17715 31532 27074 25774 30540 28411 3144 -11912 961 4317 16675 28591 4965 4579 -12918 12747 12564 6673 20097 14124 11948 -10583 29893 862 23385 1219 32360 20990 -28438 1012 9692 28621 20336 21202 4540 -10755 4493 31612 1782 18406 23918 19586 -1583 17050 5745 28501 22627 12091 27930 -17147 20172 3881 15890 20231 14854 31395 -25200 25289 23664 22936 21816 13506 23509 -7865 21025 5722 30284 14547 
~
92 4054
-32348 11868 1553 30852 25188 5964 15980 -24376 17210 26926 20952 22268 24083 18806 -30922 31748 19875 23061 14146 17632 26245 -13387 15438 29685 13020 1468 23247 15662 -20795 967 32639 29679 15042 10515 18483 -21835 13450 29034 8286 17014 28740 1995 -1751 32637 8220 6842 24796 18996 484 -19163 32342 23920 9582 26559 13150 13431 -29241 28414 11009 8885 12368 390 22336 -5041 6256 17202 8795 1855 12137 22687 -17744 7670 28870 30523 26526 18916 3248 -15262 27726 30593 15632 14878 4148 17122 -30196 32157 15731 3375 30004 26790 14399 -1623 
~
37 11449
-2279 32514 1965 19426 18194 5832 22984 -22672 10824 6816 27147 26533 949 10139 -28567 26826 1322 26066 31089 22789 31077 -28572 2271 909 20882 14597 11029 17629 -11282 2940 22032 1031 14458 27084 3267 -22091 7391 
~
50 3697
-232 16465 1372 5466 19762 7845 28168 -26777 25317 2424 6926 17741 7353 31344 -16904 25335 2870 23237 5857 5923 6602 -25600 14732 23627 2585 32259 11254 16376 -14740 15946 25657 31786 25933 27760 20242 -16378 24585 12277 22165 27518 28311 19262 -16671 17133 15969 2013 31885 23811 10817 -14355 
~
67 20647
-16790 29075 31727 26060 17814 25993 16744 -19861 4326 31195 9969 9660 7528 1967 -3242 19252 7252 25389 32425 16397 21642 -4230 9708 10393 15142 18997 17810 9165 -31317 15493 6219 745 23144 6739 8718 -9308 16679 28437 18954 30177 15208 21019 -20702 25071 17632 24341 30476 11344 16952 -6102 26539 527 24931 4951 15197 16536 -21552 7679 10113 14363 6427 12065 11690 -27953 18025 22471 24399 
~
18 2932
-3758 2500 3366 23619 32145 24168 23434 -31581 13226 27425 27798 21983 24951 30469 -8525 26061 442 5978 
~
