100
13
7 7
2 5
8 6
2 3
4 4
6 5
3 8
1 8
5 2
3 2
2 4
8 3
3 1
~
54
6 22
29 5
5 24
3 23
7 1
22 10
23 16
18 1
18 12
29 3
29 19
14 9
24 2
4 13
1 21
13 17
5 14
9 23
3 28
13 24
20 23
11 27
20 6
29 6
13 16
26 17
3 22
10 15
4 27
7 13
13 21
5 15
24 22
16 14
3 12
17 4
26 1
14 17
9 21
24 16
22 22
14 15
7 6
25 28
16 5
20 14
12 21
17 3
11 2
10 12
23 8
8 21
20 29
23 3
~
4
3 4
4 2
1 2
3 3
~
46
18 17
17 9
10 3
16 10
19 24
9 19
25 10
22 25
5 18
10 17
1 7
2 11
19 10
24 3
13 25
18 22
2 6
17 16
13 23
1 4
14 1
4 9
20 4
9 7
25 13
6 4
11 4
3 9
17 24
24 1
1 10
24 17
1 19
15 20
22 15
12 25
24 14
4 12
17 22
8 12
15 1
23 19
16 15
23 4
20 20
4 6
~
81
2 20
5 12
38 31
23 39
33 21
37 10
9 8
1 12
29 11
7 10
19 3
33 32
15 16
30 7
1 18
42 2
18 20
26 4
40 31
27 38
1 6
6 31
11 37
33 22
38 34
40 41
29 21
13 40
39 31
7 24
34 24
24 23
36 23
42 42
41 33
30 14
15 5
19 22
28 30
16 20
37 22
12 10
34 37
23 26
39 11
14 28
30 10
8 13
34 11
22 42
26 6
37 33
31 15
38 11
21 40
39 10
35 37
6 18
29 41
33 29
40 16
40 14
41 16
24 9
6 12
30 11
40 38
31 26
41 23
16 35
14 8
2 8
27 8
8 14
31 19
17 39
12 1
11 33
36 26
29 25
23 33
~
78
10 4
28 8
11 22
10 5
11 1
2 40
25 27
35 35
15 17
30 29
39 3
11 15
32 16
14 4
6 37
38 17
3 24
35 2
28 15
37 15
10 19
26 33
15 27
28 40
27 41
17 26
5 32
36 18
26 38
39 37
6 39
25 23
13 34
12 30
37 9
35 31
19 21
19 7
29 38
40 5
2 35
10 31
25 4
37 32
17 13
10 16
28 19
4 33
11 11
27 35
6 15
29 16
14 7
13 1
23 23
7 38
8 36
19 16
14 25
14 6
11 35
31 6
18 36
30 24
39 21
23 37
30 26
1 22
39 28
39 14
20 39
20 40
32 37
7 2
29 2
39 4
22 3
11 20
~
26
15 8
12 8
7 11
11 6
10 11
8 2
6 2
9 12
2 2
5 13
12 14
7 8
4 5
7 14
10 7
2 7
15 10
7 5
12 6
9 5
8 1
7 15
5 11
11 9
14 13
1 13
~
71
4 24
25 21
11 23
25 16
1 11
31 9
34 12
24 33
13 20
33 18
35 25
32 20
3 20
18 19
4 34
30 17
32 3
25 17
27 11
13 11
35 36
13 2
37 26
29 28
33 13
5 33
10 35
21 28
14 32
16 30
28 11
13 37
35 28
4 36
19 2
33 15
26 15
5 19
9 27
34 25
32 15
34 13
1 14
21 8
10 10
23 21
4 19
22 6
16 8
21 3
28 28
22 5
26 28
25 9
15 9
32 7
36 2
28 14
19 4
8 34
13 9
6 26
17 27
2 27
17 34
16 4
21 15
32 5
13 8
17 12
31 3
~
28
15 7
12 12
12 2
2 15
11 7
9 9
15 14
6 1
15 4
11 10
8 15
6 13
3 7
6 6
1 5
8 16
7 4
3 16
15 2
4 11
9 2
16 2
2 14
1 3
10 2
11 8
12 4
1 15
~
86
23 17
33 24
21 5
10 30
18 35
20 18
14 16
9 1
35 27
21 32
39 6
4 21
45 14
13 29
4 28
30 45
4 37
8 39
34 9
5 20
28 16
37 37
25 20
20 15
37 43
6 30
24 39
21 4
5 45
6 23
35 45
38 41
16 33
16 31
18 39
41 1
41 45
12 38
34 38
36 5
24 5
32 10
1 20
37 36
42 21
16 40
21 9
7 18
28 37
8 26
27 22
45 20
43 39
22 21
4 29
42 14
35 11
37 40
1 37
44 5
39 43
9 40
39 19
36 42
5 36
24 19
9 14
1 41
30 30
22 41
25 32
9 42
45 32
27 20
7 45
30 6
29 15
24 11
12 5
15 26
11 41
22 39
9 24
27 9
20 7
43 13
~
50
12 20
19 1
8 8
22 13
5 17
25 18
10 24
5 23
25 5
21 10
7 21
14 24
25 2
25 15
20 12
1 26
19 27
5 16
25 19
23 9
9 3
27 6
22 18
2 25
20 2
20 10
19 15
18 4
2 12
11 21
26 2
6 14
26 27
26 14
1 1
25 3
8 4
20 24
13 15
20 3
14 10
27 5
20 17
4 10
5 10
12 15
7 3
9 10
18 27
20 9
~
72
11 3
17 6
15 30
13 6
29 12
13 31
5 3
35 7
22 27
31 33
18 28
15 24
17 17
28 35
29 31
36 22
8 29
13 28
30 34
20 11
24 20
25 7
29 1
26 18
2 33
2 38
9 25
24 26
24 25
19 18
26 32
34 27
28 12
27 28
7 37
26 11
1 31
18 23
8 20
10 22
37 20
28 3
12 27
22 28
35 4
28 7
24 30
14 37
38 18
31 30
19 34
11 13
23 20
27 31
16 24
3 14
10 20
28 1
34 26
4 1
32 6
37 34
18 11
18 3
27 10
32 11
19 20
10 14
24 31
32 13
24 28
27 14
~
14
6 7
5 5
7 9
4 8
8 7
6 3
2 1
5 6
5 1
3 5
8 9
4 7
9 4
4 3
~
34
16 1
18 14
18 9
18 10
6 16
16 17
10 1
11 19
19 11
16 7
13 14
17 15
15 11
19 6
7 16
14 12
12 17
17 5
2 17
11 12
10 8
16 11
12 18
9 11
10 9
18 15
10 18
19 14
5 9
8 5
10 6
14 11
18 13
12 16
~
76
36 30
30 35
34 8
33 36
11 32
28 9
20 5
40 26
15 31
18 29
11 17
39 5
9 17
30 37
35 10
35 29
7 33
4 25
21 30
3 38
36 9
27 36
14 26
22 34
4 14
1 33
21 13
31 35
12 7
37 24
18 31
28 13
32 17
36 8
5 28
5 26
30 40
34 3
10 38
2 23
34 19
5 39
8 30
21 29
9 26
36 29
28 26
11 34
34 15
25 22
18 38
40 12
3 33
7 40
3 30
35 5
7 19
20 34
33 34
34 36
19 31
5 7
26 24
26 3
16 38
10 34
20 26
38 20
1 40
15 33
2 37
38 8
30 5
29 36
1 28
34 18
~
81
18 26
31 2
25 39
33 3
24 6
2 9
23 7
11 39
6 40
6 21
3 25
25 1
22 37
31 22
15 22
36 1
13 18
7 26
17 42
17 37
34 34
21 21
22 24
42 38
40 21
35 41
36 17
37 11
21 31
5 30
32 39
33 6
2 22
14 34
11 30
32 19
9 18
12 34
30 4
29 8
41 36
36 41
8 37
7 28
29 23
38 26
36 24
5 41
42 23
33 25
19 25
7 39
39 32
15 12
16 41
28 22
2 32
37 35
9 20
4 22
6 8
39 38
16 16
34 14
29 40
8 27
15 13
14 40
34 23
5 31
3 15
18 42
17 2
2 24
27 23
35 3
16 32
13 7
8 25
3 18
28 24
~
99
21 2
37 41
44 24
26 49
27 50
14 45
48 34
11 40
45 22
36 14
40 18
20 28
43 30
46 28
14 31
13 42
49 38
25 47
12 36
9 36
39 8
5 48
13 35
48 47
41 30
35 32
48 7
9 31
50 40
32 50
18 50
29 14
5 21
50 38
39 39
1 36
22 1
37 27
39 25
7 48
5 49
30 49
44 22
44 29
44 17
21 22
50 47
9 16
39 47
4 32
21 24
42 40
12 48
36 40
32 25
42 44
4 26
49 8
32 2
30 48
46 14
13 41
11 50
25 33
8 38
50 10
40 28
1 16
47 44
17 21
8 22
49 4
16 46
20 30
33 12
17 41
43 33
22 7
15 36
44 39
13 50
12 51
4 41
22 11
13 5
46 47
26 10
39 20
29 34
27 32
18 51
44 44
42 15
48 18
4 50
47 17
47 40
47 27
4 15
~
59
11 5
20 27
30 19
16 6
16 29
30 3
7 31
23 12
30 13
5 27
2 10
16 25
21 18
3 19
25 25
4 18
5 8
4 17
23 6
27 7
12 11
2 30
7 25
25 14
25 26
21 12
13 3
31 20
26 16
31 21
4 16
24 21
25 31
18 16
18 8
22 4
14 3
31 14
21 23
10 28
31 27
17 10
27 29
30 27
6 27
23 15
31 8
17 29
24 15
28 31
17 25
22 19
6 25
23 27
18 21
1 30
25 24
9 22
26 21
~
57
23 18
17 19
2 29
1 25
30 9
27 17
23 14
13 13
26 22
26 23
1 23
23 30
26 19
16 13
16 27
11 28
23 5
18 18
21 16
8 10
3 29
18 30
13 19
20 25
21 14
11 25
5 22
11 26
27 21
12 28
16 18
27 16
17 11
26 26
18 2
23 13
12 3
3 17
13 12
7 23
9 13
19 19
2 28
19 13
20 16
26 8
16 26
26 25
9 30
26 13
29 29
25 29
4 20
28 27
24 24
25 12
23 24
~
24
1 9
14 14
3 10
3 6
3 11
7 12
8 11
14 2
2 13
14 5
13 10
12 9
13 4
5 4
6 9
10 13
3 13
9 6
12 13
11 14
6 11
6 10
