10
213
79 3
78 101
56 6
54 7
80 80
78 25
7 24
85 16
101 38
107 90
50 108
92 79
87 53
94 53
24 85
70 86
15 91
20 86
42 80
1 49
31 84
85 42
61 94
11 20
51 83
42 45
67 79
103 29
72 23
39 104
70 47
41 97
55 89
85 46
34 42
35 58
20 52
27 30
81 17
53 39
52 8
89 99
94 35
60 1
106 12
57 11
28 28
101 59
36 65
1 90
74 83
4 79
1 48
25 42
80 5
35 66
37 101
1 1
24 71
13 55
80 42
40 100
82 92
106 87
68 18
51 41
13 71
24 27
3 65
22 103
27 59
1 72
103 56
99 38
28 94
89 10
19 91
94 42
16 88
48 36
76 16
87 71
93 108
84 54
31 78
9 9
5 9
54 52
41 56
100 98
59 1
59 66
95 57
23 15
90 20
33 105
98 19
11 10
20 14
100 88
43 102
43 86
25 82
89 72
10 69
97 75
42 61
53 91
53 92
9 56
42 70
60 52
65 23
35 93
33 63
108 107
5 26
5 32
17 105
1 54
81 27
89 97
35 56
71 97
56 54
82 11
29 52
5 42
73 81
48 9
42 1
93 72
87 36
16 81
44 62
101 12
73 18
74 25
47 75
57 45
1 70
21 20
89 60
55 72
77 77
13 46
97 105
81 74
87 82
18 79
97 96
60 2
54 104
74 22
100 49
45 26
37 66
90 73
65 13
81 34
44 34
10 17
65 21
25 64
51 49
73 90
10 60
84 47
108 89
36 12
17 51
96 80
91 40
3 77
103 94
46 36
106 86
67 16
66 34
76 58
102 88
76 13
55 73
65 80
26 94
60 82
14 1
76 107
16 84
69 13
98 54
85 27
73 57
68 107
62 3
15 64
107 19
75 4
11 55
60 90
41 95
45 101
58 4
28 80
17 76
18 15
108 54
102 35
70 38
79 32
14 5
66 3
41 5
~
46
15 25
5 14
2 11
10 15
9 20
1 13
11 13
1 6
15 3
23 9
5 12
17 13
20 3
5 24
9 4
6 19
13 11
13 13
22 6
11 9
14 14
21 1
20 11
25 16
23 22
15 8
23 10
25 14
18 11
20 2
2 1
14 22
10 21
12 10
16 20
14 17
17 18
18 23
19 18
20 12
12 4
1 22
9 7
21 25
16 7
6 5
~
124
36 44
15 30
16 27
50 24
34 34
55 15
41 30
38 23
55 2
2 39
40 3
61 62
17 1
58 43
25 38
32 41
60 41
35 40
11 46
52 19
47 58
42 9
30 62
27 50
25 47
52 50
44 56
44 52
51 9
52 25
32 63
31 5
13 33
60 18
28 41
18 22
60 27
12 48
39 14
20 62
4 30
28 20
64 25
2 41
37 58
55 41
18 55
33 32
15 20
52 6
49 40
8 64
53 6
32 62
3 19
30 6
21 14
63 39
47 44
49 41
3 56
53 15
11 48
48 29
50 21
26 33
25 43
62 28
58 32
24 8
64 34
36 15
19 58
28 43
20 38
27 43
60 9
10 16
13 18
35 16
45 19
52 36
38 14
39 21
47 50
10 37
61 2
58 3
13 22
53 57
61 30
33 52
63 11
10 30
19 4
39 39
49 55
33 34
49 52
27 48
23 25
59 56
9 62
22 23
60 40
61 16
35 51
50 33
51 13
53 20
19 10
16 19
40 40
14 27
47 7
11 5
14 29
54 23
17 21
6 54
54 36
26 42
5 57
9 27
~
93
15 12
26 28
9 5
12 5
34 4
41 45
10 12
45 11
35 23
17 4
43 41
21 47
32 43
29 44
23 43
32 25
6 33
12 37
15 32
2 17
19 3
43 42
43 25
9 44
34 11
2 3
10 29
37 19
15 40
34 45
35 27
33 10
39 6
22 8
42 20
5 35
1 42
6 15
40 26
25 7
8 18
10 3
39 4
7 12
48 39
32 31
16 43
21 18
37 45
6 20
44 1
43 31
7 10
48 15
21 17
12 26
23 24
12 12
2 18
31 11
41 31
30 22
1 31
4 44
40 11
10 40
15 37
27 22
1 2
23 38
29 15
10 7
5 4
28 22
20 16
36 35
23 6
37 8
32 39
4 3
32 47
2 8
13 40
43 9
34 16
18 18
30 3
2 9
25 1
2 47
25 33
34 43
40 7
~
293
49 66
93 42
45 70
85 60
43 45
44 104
89 91
82 17
120 65
134 106
144 47
87 12
90 85
148 86
88 72
40 8
15 97
109 13
51 124
19 117
63 67
69 134
60 80
131 59
44 145
61 134
63 86
129 75
65 4
58 5
141 38
132 104
107 102
142 80
59 105
108 70
124 133
50 129
35 19
15 46
42 132
24 114
34 94
85 136
82 141
117 81
16 17
97 135
33 23
133 56
87 42
52 54
46 10
55 36
48 139
18 113
16 143
4 76
133 147
76 3
124 29
78 52
98 140
138 111
50 71
56 35
69 18
88 73
129 52
49 90
134 51
33 44
135 12
111 5
49 121
66 68
127 37
24 11
99 16
77 95
120 145
101 107
82 30
146 119
57 134
131 47
60 118
67 6
47 15
39 60
128 34
71 20
112 52
97 74
15 58
70 77
130 59
16 62
131 133
9 111
42 32
2 56
54 91
116 49
136 125
84 126
25 53
47 79
6 11
118 108
109 120
111 36
56 121
25 50
67 11
110 107
64 132
52 85
112 101
41 110
69 72
104 52
6 136
39 82
22 126
104 70
47 146
78 127
9 118
58 121
9 148
88 104
99 123
45 98
109 103
120 71
11 136
12 145
137 109
106 143
31 107
6 8
96 17
19 146
100 45
91 136
148 130
86 122
102 142
86 4
64 3
56 18
64 106
132 53
43 15
74 48
114 111
56 98
48 65
96 60
9 136
8 144
143 118
136 128
16 83
20 135
136 54
65 121
16 61
123 48
64 105
89 15
103 13
123 127
90 21
113 124
16 74
88 107
71 83
6 109
124 86
84 141
93 3
132 127
104 81
60 35
21 89
82 126
120 43
32 59
103 101
41 99
130 6
143 65
65 20
136 92
54 56
82 65
144 77
49 58
35 92
107 125
112 32
93 109
99 144
17 29
105 48
56 10
111 27
94 65
122 144
130 12
127 108
70 23
131 93
40 135
85 144
50 6
11 112
110 141
61 97
20 146
125 54
58 36
126 76
98 134
42 130
100 22
125 125
125 124
74 1
61 98
119 35
133 6
131 10
109 116
98 11
56 20
41 65
6 139
117 68
128 129
8 132
47 121
63 52
114 110
142 3
7 126
17 62
16 44
19 68
128 85
44 106
34 53
104 91
40 98
73 78
87 59
96 15
128 131
54 84
36 76
51 29
129 142
102 87
49 18
115 50
53 22
146 132
74 21
124 54
119 78
67 112
59 23
14 84
79 7
83 3
107 43
130 28
64 118
13 45
14 130
21 13
99 44
42 67
136 85
20 82
53 137
95 94
108 67
4 51
23 93
28 105
~
156
80 67
2 10
78 75
57 27
45 63
17 56
60 56
3 22
28 62
67 20
30 5
50 48
37 14
70 58
44 31
9 13
2 2
63 69
56 64
44 26
13 48
3 18
29 64
1 43
22 79
61 36
72 44
24 4
45 68
68 16
8 23
63 64
36 2
4 36
16 9
65 24
40 73
19 45
24 61
62 52
1 27
37 44
25 2
52 17
11 61
21 51
28 50
27 16
27 65
21 62
33 3
31 53
40 70
38 35
46 9
5 21
11 23
24 80
77 35
42 58
7 22
74 56
66 29
8 7
50 59
67 58
67 13
59 78
50 79
18 64
45 6
56 34
79 17
5 6
65 50
2 13
79 2
79 45
66 21
5 45
23 20
2 75
75 76
59 35
5 72
6 7
1 26
41 24
73 77
59 5
6 44
22 52
32 69
71 10
9 33
47 9
80 11
18 5
49 33
79 28
73 5
72 80
56 79
80 41
42 72
28 11
19 75
6 27
18 29
33 71
33 41
76 74
12 15
37 32
47 35
70 33
34 69
34 35
21 56
55 17
74 20
67 46
77 13
18 62
60 51
74 76
39 13
55 21
62 41
11 34
57 36
33 15
79 1
7 7
71 26
74 23
56 7
13 36
30 70
35 34
48 33
36 11
32 28
9 71
26 49
50 20
45 40
26 55
31 18
69 54
9 11
17 2
45 49
17 64
25 30
77 55
~
47
20 25
25 9
17 3
13 5
18 13
4 15
3 8
20 21
11 14
12 21
24 21
7 9
4 24
21 8
20 7
21 10
17 22
13 17
7 19
8 11
3 3
17 7
20 8
11 19
7 21
10 13
25 21
25 10
20 6
9 18
24 13
20 18
7 3
9 6
5 18
20 9
18 25
16 21
4 11
22 3
16 14
13 16
15 6
1 4
25 12
20 22
24 15
~
109
1 47
56 27
30 49
9 3
55 38
41 15
19 36
50 1
50 18
28 3
25 29
7 48
53 42
56 26
19 40
22 16
36 26
50 12
42 6
5 17
51 16
42 4
10 6
11 22
27 18
35 1
15 53
4 9
25 39
41 50
21 46
48 20
3 46
21 29
12 33
18 53
18 40
31 30
53 53
47 17
10 34
44 9
19 33
51 7
9 16
53 25
48 12
26 48
30 33
17 53
8 13
39 15
17 36
43 22
36 43
41 46
21 40
3 42
2 5
17 23
6 6
7 49
8 24
42 10
12 35
35 13
22 31
43 35
23 54
16 50
56 48
23 29
53 30
22 25
18 47
37 4
53 3
26 41
29 40
38 28
12 44
40 6
27 5
41 7
46 8
32 20
34 12
14 3
29 22
55 50
22 13
22 9
21 42
47 10
9 8
22 38
42 37
15 23
5 53
34 22
47 25
7 25
13 23
53 4
36 3
43 12
14 50
30 18
9 35
~
141
2 52
40 53
35 72
32 26
56 39
68 40
64 58
16 40
50 40
43 65
54 20
21 60
37 57
13 44
58 58
23 23
6 58
62 35
43 56
40 47
51 35
34 27
9 1
39 30
66 50
62 23
56 32
54 51
65 11
21 71
22 22
62 37
49 32
7 68
51 63
12 46
29 55
12 11
48 67
8 22
57 40
15 2
41 3
11 7
48 11
10 67
56 33
60 58
71 37
54 10
27 23
16 49
26 16
22 48
21 54
53 49
28 63
62 55
47 4
37 54
31 8
55 26
12 63
54 15
42 44
41 69
46 44
48 23
62 51
65 71
3 43
27 19
32 13
2 71
72 53
45 15
30 56
3 2
53 35
59 18
44 71
31 31
13 2
12 31
43 60
23 35
5 51
9 19
2 14
44 47
27 25
33 8
24 63
39 61
64 26
21 24
69 64
50 25
29 45
53 24
32 29
36 38
61 50
22 35
38 44
3 6
3 33
45 18
34 49
34 20
39 62
71 65
63 71
11 42
27 47
65 58
61 37
42 41
65 47
35 63
59 20
34 32
44 16
46 4
65 36
24 48
15 17
62 18
20 54
8 38
7 66
2 21
1 61
54 66
18 68
11 24
55 4
33 18
71 72
70 44
22 14
~
157
77 27
1 52
17 43
1 11
4 35
14 33
6 63
46 60
60 23
54 74
65 67
12 43
72 37
79 26
43 69
8 10
11 56
46 7
42 15
24 35
44 76
33 19
41 58
8 6
77 69
66 39
6 30
58 20
31 13
31 17
57 7
35 2
73 50
59 30
19 46
8 56
64 59
7 79
2 46
32 38
50 13
23 71
17 55
80 14
59 39
31 36
27 4
73 52
30 58
56 12
44 80
7 30
11 6
33 16
40 56
12 56
13 76
63 4
76 27
51 76
52 35
58 27
79 18
46 74
21 5
6 1
36 37
22 5
76 15
26 64
15 62
65 31
16 29
40 12
9 49
44 74
21 38
51 47
4 14
10 55
34 31
62 17
5 67
21 65
26 67
35 3
20 34
16 38
23 79
28 24
5 68
2 78
73 27
78 43
73 79
25 73
54 38
41 10
50 38
19 19
13 10
23 37
62 67
58 13
20 80
46 41
1 73
51 45
46 26
15 26
68 17
52 46
4 49
14 47
71 77
30 80
61 23
68 73
11 74
37 33
18 56
17 67
21 43
13 72
1 3
2 55
15 22
73 59
40 13
64 68
72 68
49 27
43 36
43 26
39 58
2 64
52 21
36 61
11 43
77 48
31 66
58 29
1 9
26 61
1 39
44 19
68 35
21 45
65 6
75 78
61 67
25 79
39 63
70 45
63 33
32 55
38 32
~
