10
2
1 2
3 4
3
~
2
1 2
3 3
2
~
2
1 1
1 2
3
~
4
1 3 900000000 2
3 1 1 3
4
~
4
1 2 2 1
3 2 3 1
4
~
10
1 2 3 4 5 6 7 8 9 19
2 3 4 2 1 3 5 3 13 4
8
~
20 
1 2 3 4 5 6 7 8 9 10 11 12 13 14 15 16 17 18 19 20
20 19 18 17 16 15 14 13 12 11 10 9 8 7 6 5 4 3 2 1
32
~
20 
1 2 3 4 5 6 7 8 9 10 11 12 13 14 15 16 17 18 19 20
20 19 18 17 16 15 14 13 12 11 10 9 8 7 6 5 4 3 2 1
12
~
20 
1 2 3 4 5 6 7 8 9 10 11 12 13 14 15 16 17 18 19 20
20 19 18 17 16 15 14 13 12 11 10 9 8 7 6 5 4 3 2 1
210
~
40 
1 2 3 4 5 6 7 8 9 10 11 12 13 14 15 16 17 18 19 20 1 2 3 4 5 6 7 8 9 10 11 12 13 14 15 16 17 18 19 20 
20 19 18 17 16 15 14 13 12 11 10 9 8 7 6 5 4 3 2 1 101 102 103 104 105 106 107 108 109 110 111 112 113 114 115 116 117 118 119 120
210
~