10
26
5 19430 299 32836 140741 1 520 164698 676943010 168664244 747 537 1 609397213 11450930 54127 554 20988588 384845 1 982598 446 8 59 729661 602223 
5256117 241235 10 36721027 1 13 802 26 984266210 931892 1 47944789 679 1 587 583 802611721 2060 78155 893248 3 4601 185518682 779 1 98412072 
27
~
28
40457297 22068898 5557 513705833 1 67455 158 173068964 11656 343 1 272821 9 1 89509 853095 1 1 931780 56886 3168826 44370146 96939 8 104 4 68381792 35 
361044916 39316794 27669234 225 237241797 1 8775380 791710 714001 1 1 11545319 24 443079013 17443 19002 30742 88 11426126 1 70032534 904 85492745 9 25 60153731 13286616 436 
443870949
~
38
4 71099549 1 61184685 92 94601 922360369 839045 465 230977 8748425 739 191787 9873972 4862 7061101 5955721 1 40 1 571213605 495 1 72540 9 905 595214 34763087 673 25237 884059697 949 11183 42107461 5 73822101 37637 74915 
61366 5 76 418 138 1 336703165 54709 62 13 699530445 8249320 9650 1 22237 1347 105828893 2 184124 53453344 65988 74606709 8288552 73099 39381799 7 5217998 109372434 579 10 964 85804938 2996 635415 197 1553 14078 67036 
248717893
~
35
6 9193 12078 1 5 2888 64122394 455543 37423699 549884963 1 2 1 447441 4 2489876 3 70 9089456 334 7144930 71 70 257398 351313 2946 895040350 4 9 434484236 31584215 87520 1 1 2581 
956803 523159184 324287 2813 697195678 399 1 621094 61 646638 38181 759 1 2101 4236 41 267199122 9850008 276765485 2120514 5861 668527 78877151 80220 735 6922 441846 30510 920 736367 5069743 473 284417768 7 6054 
373626
~
32
7646 922537060 1 23966006 1 6681 919409324 86491244 97648542 458538715 66456 1 1679 1060894 1 826483010 367 99 1 72353 195774606 580011 49894 885752425 7289 52856936 76590 550739 58 5 30500158 539762 
3 4110450 721241592 96 60999433 3 23309183 61061 9 182240338 855913 240468996 310 513921307 32 4 3667198 6 7348308 3 1 37393658 3 7383 76 358500116 5126 8 88 6 3806 21747 
696183715
~
37
46 71 1753 36 1 53927672 6687 10 717982877 3 487649 43 412 10 87221704 2 5967 10 5 16065126 3087595 24521 4197250 92 739154 40 571 315530532 340366 1 73074 1 602 34959363 78 4777 1 
1 817904651 84484510 802820 87 67 442466 69242612 16076848 1033 1 990 518022935 31915368 71468688 926579 3907442 1 3165 385172 2810 69096 5 94664 1 558663 389 2563869 83991 512254869 230 552740644 58 73 3 693571695 7794922 
818000739
~
29
1916 4 1 79530 1 468707 144327377 519963 72670421 4720 22905 750711133 792519 92 6 82061756 396490079 673970 1 30155 18716443 9 486354 950562 1 1285 7 6 692387 
9 295 39734 8 828853 1 881 2 704 6697 15384 1 719 5 79454800 306400 529136 8842069 86302533 606 28 3755 4007 22565280 25 6 385005884 7 4463564 
4468315
~
26
79 1 606873 32558 9025 10 9592 171519130 43031087 940307547 10705 97559 297005 5258 391329365 444 935022756 9540 91431 67860662 14 7 683120 1 72 46341698 
14602605 2802979 1 3326658 210994 1 8351090 21 587 387522 85 14 5688 3793 1118 7778 368258 1 366117745 12022532 36847 3 873 45438 7871 780181640 
0
~
30
548 536 3371 1 847 57060851 6211 299129 124 3683 11322180 9856537 959 1 533579173 70 1 4 584672587 577088290 436775 5168 18893460 1 3299 139054155 17030 159722768 790 5974521 
2 1 1 1 1 7121 5 808 85738 115 1 238470 1 10 8141 1 1 4 5757998 82 592106 428252 879390425 6480 8825285 9 52523306 9 7 8259 
10
~
25
2 1 69586612 735 54328633 22446020 1 597530802 36981786 5678889 76042327 76764 887716831 35 3 277909716 927 163867152 7 5 6490 75800426 49500 60007659 727296 
7705 30846 6 34 584454 9904 12 667618168 1153 44192007 10 6 4267861 5 27434504 717 35792427 1 176442000 1 610116 50921 12417 134575209 10 
134636034
~
