10
3
9303 4586 161255392 
49333986 67404 1 
0
~
7
1 520 164698 676943010 168664244 747 537 
1 609397213 11450930 54127 554 20988588 384845 
0
~
6
1745921 8077 6416935 12568903 1 7 
852787 5228 296707007 291162 9 51 
0
~
13
802 26 984266210 931892 1 47944789 679 1 587 583 802611721 2060 78155 
893248 3 4601 185518682 779 1 98412072 1091142 40457297 22068898 5557 513705833 1 
514796975
~
25
7224676 324 87210 86 6 1 78852157 652 88512771 3406 47 501 287767371 50107 29416 1789 44141419 1769246 192 804 2 5659 73353 560 499 
3769 3585 1870850 893645501 265043168 1 7 159171 30490811 10 53 50 7 6 8894616 51423 679 601 969 1234 27039029 2482 1 29129 57189 
1158688676
~
24
78 83448592 1 8601 9 1 78366026 1340 8697 70174 787 19903849 215104 7 8 1 1 16134898 436267941 273 1641 7020 24904 625085181 
84409986 1612 254 631597 19 740745 706446 7329020 4 1 4449 1 650789 7946 88246 8407 64132 7136174 7830104 8245234 4081 50493810 6 53 
9282951
~
13
699530445 8249320 9650 1 22237 1347 105828893 2 184124 53453344 65988 74606709 8288552 
73099 39381799 7 5217998 109372434 579 10 964 85804938 2996 635415 197 1553 
1553
~
8
29286 246 51325 32515 52 1660585 754126 8371 
8921593 975 59 93747148 79 4920 1 1 
4920
~
23
447441 4 2489876 3 70 9089456 334 7144930 71 70 257398 351313 2946 895040350 4 9 434484236 31584215 87520 1 1 2581 956803 
523159184 324287 2813 697195678 399 1 621094 61 646638 38181 759 1 2101 4236 41 267199122 9850008 276765485 2120514 5861 668527 78877151 80220 
1
~
25
4 33785 348512687 238261366 690314 17 68 6864944 724920 412 350376 4 7646 922537060 1 23966006 1 6681 919409324 86491244 97648542 458538715 66456 1 1679 
1060894 1 826483010 367 99 1 72353 195774606 580011 49894 885752425 7289 52856936 76590 550739 58 5 30500158 539762 3 4110450 721241592 96 60999433 3 
195774609
~
