100
100
613 303 735 586 205 392 430 986 299 404 836 566 741 427 240 721 520 805 698 107 10 610 244 40 747 627 537 554 461 772 213 910 930 419 127 696 894 588 729 845 307 496 921 598 77 446 935 308 903 59 694 661 7 223 787 117 228 235 840 162 27 809 153 251 653 802 674 426 643 210 880 892 327 881 789 9 679 924 100 101 587 874 583 984 970 60 445 155 596 248 743 112 601 345 682 330 779 76 503 901 
~
100
72 249 142 68 297 759 898 529 557 425 833 300 979 301 455 676 158 324 964 210 656 186 343 336 282 931 821 157 439 652 875 771 509 406 95 947 643 501 704 371 780 107 886 416 826 789 146 419 939 246 718 192 104 804 952 792 659 135 353 916 560 794 499 234 769 225 585 797 850 468 380 168 710 367 1 7 134 171 777 811 319 10 924 953 13 443 247 2 756 742 616 688 423 126 679 414 601 534 969 904 
~
100
234 745 29 59 482 325 13 731 129 616 189 436 854 78 484 592 549 99 51 601 685 899 143 26 369 340 45 697 465 174 977 787 425 849 739 104 617 972 358 862 215 101 388 721 898 269 941 640 273 954 641 605 20 495 904 356 181 540 986 529 612 905 254 214 597 87 119 673 237 446 949 4 183 376 461 449 485 42 789 637 946 915 246 366 407 705 132 76 418 138 348 81 165 810 709 846 562 853 413 193 
~
100
445 90 320 578 650 165 373 441 237 56 347 985 893 450 562 572 124 99 344 189 988 36 709 539 552 548 276 799 809 667 642 998 748 434 730 579 724 690 582 964 294 938 180 996 245 415 597 197 44 553 405 78 286 246 454 325 776 515 496 352 193 585 126 837 371 105 593 888 975 394 59 543 148 699 279 963 920 455 311 852 942 201 477 214 432 876 8 353 732 370 503 456 138 334 795 930 358 71 164 770 
~
100
353 398 127 313 637 946 265 350 680 764 482 249 702 236 610 215 159 520 376 463 661 738 51 581 165 803 248 184 180 287 417 813 445 678 380 399 629 881 94 338 761 513 638 947 181 986 759 164 214 371 101 345 725 241 523 122 640 8 598 485 150 514 168 861 195 527 577 151 209 220 186 735 714 922 785 846 687 510 366 920 314 367 817 743 668 473 944 768 412 54 297 232 646 425 60 40 693 161 6 219 
~
100
191 682 681 955 324 20 244 239 542 520 715 570 456 946 898 751 679 977 894 158 263 31 10 367 624 499 413 750 401 353 76 606 850 11 337 376 425 140 289 936 459 590 739 127 58 714 25 662 619 762 543 332 450 868 592 860 396 923 433 273 512 183 639 61 237 9 404 338 620 913 817 996 170 310 524 307 420 32 23 414 198 908 6 172 308 888 242 225 381 658 79 313 562 383 865 776 343 116 220 126 
~
100
65 408 992 88 933 806 432 875 747 46 437 446 863 71 483 753 415 36 33 57 211 672 709 687 915 520 912 877 370 733 162 649 497 43 414 412 154 120 272 704 400 2 892 967 355 410 612 115 652 126 779 595 908 521 556 250 378 192 133 227 240 213 571 444 532 150 366 127 605 231 74 226 637 821 602 554 363 829 478 173 777 801 68 271 651 290 510 19 820 727 887 913 167 993 466 17 379 848 559 35 
~
100
600 281 990 734 935 900 368 589 688 99 579 927 442 58 41 371 165 965 172 827 810 825 96 456 155 232 664 206 507 231 663 867 389 694 869 38 991 577 270 230 54 644 410 858 253 873 353 403 493 695 380 922 588 217 629 916 685 554 212 265 181 530 356 437 851 707 647 377 820 963 421 559 720 435 905 266 133 540 519 192 513 633 756 669 79 970 257 459 411 346 443 929 49 132 354 267 562 667 602 21 
~
100
285 515 847 192 706 13 387 849 82 295 934 734 776 138 492 853 176 11 881 114 102 23 704 354 697 975 384 586 51 719 604 695 292 800 319 400 567 136 99 69 578 533 669 606 764 428 473 755 775 7 506 280 79 725 193 836 372 884 770 607 312 564 788 762 786 879 963 143 401 873 767 558 46 25 455 820 92 592 955 130 87 589 547 750 705 66 559 366 5 807 258 15 365 180 444 926 756 680 540 275 
~
100
431 526 662 79 514 233 757 472 120 927 908 531 672 703 698 160 605 840 979 228 571 1 658 328 994 138 54 51 90 369 921 953 587 474 522 287 185 793 283 688 255 985 118 65 778 525 258 477 260 251 745 340 532 49 847 286 173 52 873 154 438 356 871 375 640 990 293 420 670 548 244 536 844 371 277 121 24 851 869 211 855 129 978 124 524 683 475 180 429 537 518 959 574 9 151 460 870 133 941 122 
~
100
924 932 587 730 290 100 775 317 168 186 460 189 934 801 299 635 155 350 30 556 768 310 790 254 521 548 602 873 181 681 628 301 463 969 671 121 416 35 542 808 694 738 786 115 704 900 291 470 277 820 771 760 412 141 627 976 631 920 601 494 372 998 228 282 163 106 147 252 567 425 630 480 285 528 889 182 306 139 569 227 832 259 505 825 662 812 695 861 612 499 735 984 633 519 20 909 769 51 802 690 
~
100
786 279 889 278 327 699 764 566 831 490 35 383 403 232 716 950 927 224 152 540 137 42 535 462 105 426 999 500 826 659 489 296 177 705 115 846 836 726 692 34 824 454 147 904 365 712 973 168 50 153 585 7 439 510 943 446 752 861 668 295 252 504 729 717 974 427 719 991 1000 140 520 661 116 897 921 166 417 706 209 860 760 952 990 820 883 246 782 358 120 230 311 222 466 755 989 658 110 241 148 28 
~
100
164 679 923 825 334 425 687 636 515 779 996 984 253 745 517 538 383 747 31 894 398 34 832 44 77 427 826 776 653 319 736 264 742 502 806 394 694 638 304 48 32 114 1000 526 36 961 7 19 358 124 194 71 492 514 680 169 132 628 343 909 720 352 619 144 728 396 95 312 755 452 134 781 537 276 981 39 168 281 72 772 685 93 859 493 947 83 658 769 709 272 604 70 872 443 331 559 542 117 340 166 
~
100
676 217 401 739 256 855 428 349 968 603 233 913 314 694 528 131 232 455 791 569 725 951 6 210 627 861 213 516 348 118 764 554 885 768 813 53 70 799 948 239 729 340 608 461 721 611 672 25 465 89 192 240 818 163 523 18 737 606 198 668 335 616 354 255 469 191 205 800 786 910 591 356 90 745 93 113 336 946 981 34 596 798 168 73 309 594 646 812 430 645 633 141 220 662 556 337 617 998 637 389 
~
100
246 915 507 141 862 215 350 61 776 290 903 944 496 5 505 314 307 853 764 788 749 512 732 83 305 721 629 854 551 192 762 102 606 171 918 335 219 294 998 832 724 807 456 64 669 792 98 622 77 884 771 824 22 517 654 66 655 327 755 96 427 983 276 538 244 712 888 395 221 525 582 498 887 473 706 811 226 493 750 174 828 370 893 736 390 635 678 863 216 55 266 464 403 839 791 819 431 90 932 286 
~
100
45 917 110 774 973 993 167 552 966 855 884 101 52 14 937 981 495 242 972 591 296 955 107 513 312 297 956 280 67 122 290 617 789 638 915 897 347 605 63 776 260 336 483 382 308 542 787 620 910 845 485 335 86 250 248 654 990 538 933 6 324 991 978 32 729 853 722 442 983 869 104 564 626 253 968 883 298 309 784 361 163 982 519 61 156 472 484 224 84 965 868 148 496 903 383 144 821 510 916 602 
~
100
973 220 604 716 656 809 625 344 360 153 19 405 24 221 407 570 862 52 241 507 597 324 25 482 172 617 531 101 621 691 308 690 227 616 587 945 462 793 83 271 493 920 30 62 198 75 286 529 923 342 965 541 371 543 584 280 557 435 658 927 262 794 306 229 408 87 370 779 827 138 707 693 259 718 210 479 298 224 525 726 522 981 738 95 296 834 559 417 446 3 917 865 810 722 173 359 802 234 736 879 
~
100
805 346 221 365 765 943 20 282 515 104 991 115 76 219 475 725 272 46 247 41 386 721 64 273 997 179 485 126 884 102 332 792 269 631 450 449 633 767 369 520 891 218 849 199 948 673 152 240 256 119 360 681 696 635 42 28 91 59 75 406 707 298 69 193 671 513 841 756 994 492 895 477 632 847 835 870 393 674 789 274 95 217 714 540 747 726 37 133 18 502 780 171 434 36 98 163 399 973 335 581 
~
100
98 803 622 321 451 554 657 556 913 255 438 932 879 121 962 961 87 207 591 226 314 133 834 183 776 927 493 476 790 590 515 954 768 153 716 251 512 228 569 511 626 489 770 220 285 720 586 495 631 538 189 654 211 577 242 167 999 965 209 457 184 145 990 437 735 347 195 250 75 709 353 88 55 843 288 604 665 821 950 3 558 746 236 889 387 396 374 546 624 982 434 974 645 712 521 433 257 101 13 671 
~
100
35 492 447 313 192 757 944 768 340 458 711 628 53 915 698 31 506 486 457 195 708 476 88 736 444 532 721 685 588 125 346 550 160 170 631 600 626 434 43 549 438 770 318 881 655 882 103 984 706 45 243 914 339 780 559 568 950 941 109 491 121 529 586 147 728 916 589 266 490 731 451 154 234 225 462 738 920 172 883 793 524 9 25 407 1000 763 230 409 905 315 485 818 535 377 859 634 113 554 796 579 
~
100
751 791 953 325 967 888 933 226 624 706 283 616 758 648 500 610 554 236 566 765 609 907 928 725 488 346 660 426 358 940 839 979 750 851 970 883 841 687 397 436 401 80 697 889 615 793 162 717 918 808 84 67 205 269 916 761 228 314 858 181 98 312 885 493 567 942 684 867 117 949 351 225 50 722 796 1 923 257 107 47 361 512 701 593 784 396 138 91 674 328 110 753 649 213 671 836 672 541 263 335 
~
100
830 927 369 52 579 966 244 643 721 942 221 352 483 170 602 933 297 391 165 245 982 126 495 897 392 912 2 746 796 811 675 77 454 519 38 32 323 363 895 761 559 971 623 620 734 144 697 773 718 724 164 376 706 608 944 719 573 317 70 825 538 679 21 548 853 651 138 753 365 992 646 60 996 56 678 819 125 265 383 782 600 432 660 250 468 450 618 534 227 887 178 774 413 854 249 597 834 603 713 183 
~
100
610 617 1000 74 784 278 798 761 689 203 857 130 261 479 215 237 197 855 471 266 22 43 680 87 25 655 577 621 623 573 780 980 883 736 76 867 716 234 285 838 226 462 602 792 393 329 299 41 42 704 965 163 936 240 362 432 399 588 112 400 962 512 848 282 72 315 481 872 198 988 381 668 221 553 781 532 466 402 583 63 222 650 814 235 915 200 808 847 707 955 594 755 905 889 327 558 314 498 158 239 
~
100
736 960 830 299 537 947 125 855 937 264 918 126 694 965 777 888 639 340 875 127 292 526 701 103 108 459 200 595 328 70 262 699 945 744 87 2 563 673 867 771 23 904 339 946 219 532 690 535 213 470 306 611 559 96 697 362 304 774 536 373 902 117 753 260 951 954 405 94 783 879 756 181 823 1000 727 820 767 982 791 298 364 193 821 206 516 456 351 726 187 113 579 203 227 755 728 397 114 47 352 85 
~
100
701 695 942 832 771 530 851 307 2 228 31 454 187 599 952 559 959 753 104 389 946 644 119 339 20 328 577 165 24 739 10 519 955 365 787 745 647 777 699 734 628 367 331 337 25 384 688 347 720 727 703 869 528 210 877 136 349 896 778 49 369 800 533 125 989 184 272 845 340 998 825 94 621 178 46 59 150 36 675 382 931 73 101 250 906 457 170 540 929 649 231 790 903 489 759 927 563 666 51 975 
~
100
705 698 543 993 819 558 19 953 17 834 157 861 482 609 769 455 683 391 155 300 18 464 484 96 952 632 878 772 201 308 576 112 247 841 894 586 460 582 272 487 298 874 477 537 725 361 699 494 746 210 548 811 264 151 852 593 58 127 352 916 318 358 204 448 465 902 702 57 77 347 441 52 657 603 677 565 521 731 124 875 999 174 273 686 143 246 860 420 263 214 954 785 787 812 283 312 237 919 146 963 
~
100
469 648 10 490 620 731 336 606 247 522 175 824 715 84 236 33 459 361 898 48 886 949 294 197 549 667 782 666 599 766 390 978 140 911 933 152 463 111 337 697 287 555 922 553 690 179 630 499 6 8 896 899 327 199 762 806 792 38 213 143 711 743 999 582 454 937 55 600 334 419 279 991 916 187 764 113 812 470 578 496 772 938 32 244 560 847 331 46 393 16 656 92 216 536 141 293 316 983 484 826 
~
100
290 396 307 251 116 612 715 18 827 359 378 46 34 981 565 404 296 486 481 276 677 582 676 535 746 624 455 905 591 16 989 40 132 289 809 242 595 844 314 421 958 11 567 324 894 770 935 394 871 262 817 845 787 741 26 67 83 842 90 780 474 376 398 503 39 188 424 191 453 458 316 325 948 333 82 718 393 187 358 803 473 439 152 213 985 513 134 121 210 50 638 129 991 859 939 13 170 943 837 662 
~
100
387 338 613 947 805 540 240 6 561 397 653 41 70 961 833 531 325 846 186 215 986 628 857 332 286 444 129 534 367 881 270 341 14 351 517 190 440 421 463 268 113 931 314 865 503 197 153 178 376 657 267 21 123 495 804 133 912 641 603 962 335 295 342 233 259 960 413 664 348 312 148 289 587 443 596 643 906 39 18 508 482 824 372 221 636 181 691 883 797 368 111 226 218 789 361 369 32 260 786 581 
~
100
441 159 124 579 108 315 21 165 545 766 115 678 181 707 945 479 959 703 630 885 263 233 272 335 718 592 421 249 60 402 731 327 857 553 621 791 202 922 824 722 150 425 797 933 918 333 715 95 277 691 732 877 999 38 634 535 625 396 182 499 90 207 471 921 680 659 727 562 823 915 261 990 577 747 133 384 373 313 370 662 144 446 806 12 89 186 593 740 950 964 365 994 863 735 870 815 871 603 564 387 
~
100
784 953 100 86 479 306 83 56 542 946 297 390 425 771 703 33 443 166 961 888 633 211 278 593 439 534 595 973 795 398 318 558 970 674 270 66 638 154 385 963 913 404 968 107 531 286 668 70 16 392 656 354 153 579 17 161 998 420 828 446 636 101 494 493 467 190 434 879 713 59 410 905 515 967 301 134 663 749 277 239 195 502 441 15 835 212 919 611 471 586 282 577 247 149 780 171 597 581 775 695 
~
100
168 245 265 974 437 307 140 819 318 731 880 490 454 759 235 391 135 657 429 76 697 683 914 835 22 618 540 911 379 577 91 44 387 765 6 208 993 514 977 916 186 82 237 51 616 376 203 896 938 122 725 605 851 552 983 233 173 658 83 566 354 284 162 693 733 277 313 812 417 373 889 183 369 149 187 497 232 599 782 838 201 231 74 170 330 367 964 252 250 262 648 903 353 421 904 30 755 463 164 423 
~
100
491 981 362 411 310 576 426 238 4 559 544 446 879 878 475 531 173 243 389 572 38 68 704 273 861 838 846 936 806 865 739 170 83 80 860 887 916 333 476 347 949 19 435 259 726 294 895 890 143 595 696 394 721 12 204 783 218 262 242 6 406 553 819 223 153 104 1000 566 717 397 750 179 58 677 694 768 504 399 246 655 193 34 724 866 589 189 853 539 276 299 154 790 113 541 660 71 357 676 338 314 
~
100
116 829 965 524 836 272 583 391 319 573 84 964 244 113 393 424 945 618 327 193 210 798 855 534 469 478 334 889 731 825 237 577 175 126 987 846 961 194 337 767 513 733 530 781 82 597 881 503 953 183 995 698 429 317 877 257 915 347 200 982 19 314 472 32 413 984 273 417 601 819 463 20 402 689 664 717 676 443 774 551 120 887 661 409 853 726 34 556 366 43 741 492 778 776 935 806 954 784 287 338 
~
100
397 590 623 787 970 46 280 12 366 619 999 538 890 325 197 788 435 164 716 727 669 83 289 506 242 720 114 377 853 477 611 630 336 302 81 852 240 487 323 309 168 933 76 177 747 52 158 9 276 658 921 163 496 592 442 873 283 932 184 532 967 938 998 799 65 25 729 428 259 668 193 273 548 877 796 706 250 167 42 155 459 396 519 557 823 703 360 722 737 832 755 228 776 231 715 944 444 361 542 8 
~
100
125 411 648 288 812 963 986 996 535 344 1 63 396 779 266 545 611 805 141 371 781 657 799 463 885 50 601 337 691 858 713 735 58 707 263 17 567 776 323 759 642 756 314 954 914 366 676 571 196 955 61 841 31 431 532 430 683 33 187 979 112 462 620 764 146 705 621 119 834 508 572 822 692 670 113 191 510 417 93 273 34 983 844 357 426 154 604 190 746 938 483 222 750 254 810 760 659 719 412 649 
~
100
282 376 49 568 167 354 464 877 953 853 515 571 423 302 179 697 615 624 333 921 787 452 280 459 782 579 845 726 369 126 895 855 960 496 865 122 674 337 677 975 738 973 36 480 577 339 314 982 990 713 420 98 4 950 654 299 718 150 998 692 481 957 745 61 346 176 504 466 645 889 21 892 505 296 557 523 316 284 902 465 706 329 864 530 124 831 334 911 893 526 204 989 283 632 903 484 175 653 766 156 
~
100
384 494 125 438 396 961 911 493 31 680 375 779 648 893 480 537 876 355 979 604 659 339 653 930 523 586 763 628 858 29 218 969 558 46 65 734 920 772 528 469 771 957 982 497 188 410 413 978 416 336 560 25 4 440 439 137 234 624 575 887 717 967 232 441 810 700 244 599 623 507 476 281 531 239 123 881 675 44 367 325 918 475 381 591 255 354 760 834 101 966 175 307 380 13 697 364 613 581 482 420 
~
100
162 550 805 39 1 148 93 590 390 659 629 693 775 610 182 857 307 925 37 175 664 538 886 252 330 613 453 25 350 412 724 127 221 310 426 824 107 243 235 660 234 283 27 899 942 395 365 950 539 481 485 68 294 452 607 195 188 211 864 715 911 178 623 71 229 488 738 854 732 937 359 343 794 88 873 464 140 126 241 968 103 362 902 339 926 143 914 180 244 193 116 152 934 961 878 544 477 845 471 689 
~
100
478 66 639 668 680 98 804 935 765 349 958 285 844 716 925 405 728 755 327 883 300 91 651 328 93 148 360 51 156 291 712 418 198 92 201 558 948 203 139 548 435 267 506 397 56 599 72 17 873 950 778 540 103 250 60 74 839 445 443 151 393 898 798 287 574 727 926 793 496 368 544 708 441 525 331 827 816 63 197 928 470 387 890 510 364 710 224 546 124 50 348 553 37 941 424 145 884 182 73 734 
~
100
114 506 131 576 378 664 642 328 768 864 108 229 652 455 329 9 724 27 416 725 821 169 414 925 765 906 335 598 617 638 493 848 734 464 571 242 977 356 592 579 412 461 767 612 682 33 357 46 865 590 877 432 310 366 537 338 816 548 117 407 687 855 888 741 358 757 526 570 566 879 777 123 693 609 793 591 359 600 155 192 558 597 508 383 692 903 25 975 740 26 604 608 817 149 256 401 551 375 150 985 
~
100
964 649 619 103 229 83 965 598 36 912 896 712 872 177 227 788 660 846 720 65 215 360 151 461 961 796 597 107 44 168 404 781 453 306 955 542 678 862 149 268 428 481 42 64 907 1000 116 322 223 202 477 711 131 842 527 625 791 493 178 28 874 766 348 663 739 19 671 69 995 310 945 351 980 933 470 136 514 616 596 302 751 635 389 155 667 334 205 381 293 870 287 732 247 742 700 935 959 8 96 620 
~
100
886 576 65 165 668 77 394 872 812 691 267 922 52 527 184 933 978 164 607 981 416 897 765 543 863 420 425 919 123 29 797 569 439 633 701 309 403 972 965 257 809 467 547 224 237 815 139 641 206 186 244 586 952 115 684 762 510 833 800 557 273 450 614 830 308 171 884 883 737 587 609 7 928 456 444 409 109 974 271 268 54 946 505 595 555 176 149 75 234 732 611 993 193 657 996 618 818 216 752 310 
~
100
966 215 629 244 386 430 770 649 695 277 173 607 510 920 733 710 773 232 433 63 463 361 811 115 156 362 880 329 54 937 787 226 443 109 862 505 832 795 224 883 648 929 891 679 768 485 890 183 545 722 834 230 263 184 762 320 915 927 696 280 176 718 703 92 984 792 420 916 377 278 786 419 620 378 791 675 848 818 365 979 279 33 401 535 479 108 206 207 549 345 771 114 623 908 150 959 332 588 729 467 
~
100
638 883 371 825 908 763 893 278 584 527 936 206 386 758 50 220 572 740 475 789 593 959 412 300 464 141 944 867 703 574 427 685 490 952 390 940 252 260 461 977 382 863 652 915 331 178 568 411 152 175 609 730 861 603 625 888 674 195 608 689 232 150 639 858 337 418 513 645 576 716 155 882 186 358 46 777 796 551 2 612 143 866 109 945 524 658 495 890 22 627 698 299 503 262 442 875 632 655 817 126 
~
100
417 420 763 792 273 954 639 33 458 713 201 945 84 592 316 300 427 362 577 703 473 785 961 331 750 506 775 181 431 529 762 982 813 874 202 546 451 198 31 839 684 653 608 522 724 640 293 12 987 741 957 632 50 710 525 255 992 140 294 479 208 306 129 826 315 866 229 805 801 877 345 104 677 424 704 45 264 810 159 103 932 702 448 944 656 830 997 480 189 490 548 822 496 320 276 771 683 450 164 500 
~
100
438 739 935 558 994 201 88 429 439 25 457 651 666 341 907 718 619 652 206 691 415 722 754 109 576 465 37 96 495 787 54 199 298 581 530 627 43 760 81 786 892 865 815 905 866 355 725 376 79 99 15 402 936 831 87 58 531 544 496 394 309 820 522 395 351 31 444 640 559 278 401 673 144 396 779 620 527 207 173 198 662 56 821 132 555 147 250 610 356 923 409 618 856 293 405 690 381 822 507 332 
~
100
824 25 695 100 993 437 94 255 497 716 549 462 185 880 91 369 780 250 192 334 76 909 950 242 590 9 847 385 765 693 715 647 345 906 707 607 314 954 191 489 177 109 638 778 157 966 329 483 843 259 749 640 554 713 571 414 845 167 127 236 149 498 898 771 332 617 628 527 580 642 327 344 826 529 688 428 444 394 961 411 150 910 181 433 662 927 985 359 763 119 104 948 819 203 495 596 980 918 870 575 
~
100
74 409 747 771 69 910 202 399 491 582 691 757 312 795 43 766 770 556 372 800 950 354 393 379 31 56 933 117 131 444 328 705 851 332 480 135 695 896 879 656 45 142 123 507 9 356 587 194 608 446 945 862 252 959 841 869 633 249 294 900 260 581 660 86 820 626 299 258 703 877 11 774 635 861 755 701 964 385 653 420 474 538 614 711 6 821 40 199 482 107 783 704 158 307 966 832 903 67 44 872 
~
100
843 925 592 492 711 589 898 172 133 110 729 940 207 984 783 360 967 266 523 972 692 315 460 661 380 713 525 99 556 672 385 228 140 4 400 788 218 913 494 566 345 563 424 210 594 462 326 945 555 478 990 181 74 974 569 549 44 270 895 280 704 143 689 712 540 221 685 375 137 820 307 707 126 622 504 95 515 568 247 495 373 112 666 85 461 640 537 926 145 573 988 839 645 26 121 964 104 43 479 826 
~
100
486 658 655 986 859 109 731 104 564 760 974 923 729 254 999 601 948 957 70 476 95 572 550 107 164 554 757 504 899 71 157 997 778 399 870 573 646 450 609 344 396 2 448 670 37 625 445 472 680 244 432 937 333 753 309 226 187 205 197 935 494 343 451 586 136 259 832 576 745 900 499 810 677 183 170 351 321 325 130 569 415 501 320 137 841 45 887 539 686 786 108 532 398 830 702 437 683 376 297 917 
~
100
91 332 995 317 381 43 592 175 279 736 128 508 503 365 768 44 391 476 222 223 553 705 409 658 724 913 849 822 540 964 489 605 990 563 21 271 634 873 539 918 480 845 214 436 67 638 699 89 750 799 554 610 932 9 206 584 811 746 561 729 200 119 939 224 92 386 117 394 155 536 868 567 836 496 635 686 624 714 680 196 662 367 633 756 234 534 139 417 219 35 299 865 235 803 210 961 954 447 815 11 
~
100
263 827 154 281 812 327 134 1 600 484 591 993 438 408 41 188 311 866 37 998 906 71 607 946 224 152 145 923 612 899 201 954 880 446 35 795 95 69 843 395 492 874 346 526 752 353 893 703 678 156 384 682 204 59 435 754 977 588 518 792 790 462 624 985 400 782 760 783 770 959 296 98 48 218 642 931 496 141 645 367 412 430 648 744 984 476 828 506 619 940 18 15 586 540 634 340 345 5 55 448 
~
100
859 595 319 171 632 917 275 237 793 353 910 628 305 496 167 669 377 789 323 458 108 466 287 163 262 840 406 201 117 845 627 600 318 626 604 749 817 492 463 711 446 28 824 136 634 933 841 574 567 650 704 734 758 774 579 254 261 375 352 20 731 472 863 988 702 411 39 826 552 345 905 506 376 291 623 765 881 250 35 870 807 297 245 212 200 309 581 770 18 299 191 414 497 350 533 578 853 228 312 310 
~
100
402 826 241 200 683 586 336 528 653 680 968 195 694 35 692 731 163 821 937 799 495 667 755 497 812 217 946 237 695 590 756 442 332 643 502 965 450 71 463 625 990 351 808 380 243 357 417 126 891 63 929 68 649 66 661 27 81 87 446 888 286 296 443 210 129 913 994 433 426 879 312 423 394 750 619 80 873 693 950 941 356 389 301 848 185 646 58 62 573 958 944 702 981 542 900 9 906 155 766 435 
~
100
825 494 654 616 451 157 966 195 511 485 502 879 359 638 131 298 188 873 369 527 612 961 189 288 488 417 410 507 662 646 435 888 383 512 983 255 104 86 996 395 253 690 100 362 805 345 14 151 812 487 447 856 236 628 831 272 593 478 722 588 177 962 881 987 893 271 823 414 117 592 603 61 826 407 731 533 321 8 351 874 313 808 947 914 454 404 370 739 994 619 277 836 595 584 469 248 850 398 928 632 
~
100
925 709 726 945 130 800 989 642 400 524 672 319 199 565 592 678 570 892 175 974 167 24 993 530 255 312 53 724 29 19 977 553 496 960 620 882 586 129 475 212 150 619 389 839 534 491 147 836 661 843 200 576 555 973 445 483 440 762 711 520 112 63 109 516 489 913 231 359 115 735 626 187 689 498 459 922 202 525 585 345 353 663 861 510 773 923 144 352 279 449 82 253 13 731 450 921 595 883 903 786 
~
100
483 282 370 831 126 66 595 519 818 1000 105 644 114 404 717 693 270 421 516 653 371 588 284 262 899 185 748 960 356 260 961 707 981 657 374 615 825 165 455 932 558 622 582 828 287 5 575 317 852 585 872 142 211 274 46 172 870 581 938 690 755 310 515 758 800 98 623 261 160 256 746 996 601 387 830 827 904 820 856 732 802 236 826 475 751 429 624 556 946 641 571 339 34 174 880 907 102 252 674 505 
~
100
877 228 638 383 871 191 442 685 281 551 509 808 339 713 26 750 128 310 650 995 617 107 134 879 413 470 75 284 414 694 507 55 950 657 814 174 253 340 421 241 597 471 110 958 596 313 791 676 542 828 235 458 824 24 105 726 474 975 863 592 203 715 451 205 940 51 376 977 361 569 739 280 431 145 649 564 101 957 441 486 812 239 834 678 867 234 891 861 519 16 773 215 904 138 652 619 72 606 768 485 
~
100
144 953 697 223 316 580 842 96 22 75 85 776 859 922 851 625 723 558 142 962 92 808 997 627 487 225 564 374 279 725 530 243 211 439 801 996 325 55 411 832 226 448 127 222 206 554 56 870 99 296 196 508 577 148 408 691 927 331 740 469 310 599 63 999 261 520 572 605 514 305 660 185 731 941 556 217 676 887 476 209 947 759 29 737 368 288 688 349 609 160 193 19 183 912 681 557 106 727 967 638 
~
100
708 487 301 192 134 114 297 118 312 581 537 7 842 722 538 861 717 604 407 428 584 556 353 685 396 732 868 123 847 678 168 210 892 343 965 981 976 58 782 465 815 953 358 952 900 681 865 289 399 409 700 825 292 496 388 231 403 502 845 546 968 93 369 594 915 757 839 251 769 527 501 934 939 997 746 930 198 183 783 394 360 911 257 295 172 236 143 294 774 128 423 223 480 441 129 559 147 809 922 906 
~
100
222 367 555 752 218 150 410 930 690 880 628 716 973 233 653 532 351 510 174 522 213 753 344 485 953 625 920 202 798 564 502 506 751 292 13 885 41 877 608 652 750 947 610 744 215 300 529 357 66 906 728 916 8 894 227 71 576 512 667 987 320 75 589 112 366 483 504 909 645 63 94 396 488 461 733 863 462 291 414 578 832 444 205 673 438 321 241 413 691 369 736 395 616 51 269 873 635 223 884 371 
~
100
314 668 397 948 871 483 511 399 192 824 406 563 766 919 838 298 642 59 63 997 864 456 587 577 156 463 210 84 833 710 232 357 4 993 423 755 617 87 351 487 295 166 108 854 606 328 82 500 55 654 531 377 559 43 202 825 951 605 612 945 65 652 727 532 817 467 807 713 754 135 137 134 622 685 249 599 966 593 42 196 607 884 769 873 914 275 790 443 264 472 906 560 698 91 125 712 175 274 896 468 
~
100
437 299 365 937 832 806 778 954 253 964 727 645 846 175 527 562 463 359 829 465 747 305 435 541 637 50 259 380 301 371 245 649 116 441 432 957 72 204 962 400 421 765 917 213 972 479 44 707 878 142 205 51 174 163 276 987 361 994 82 398 164 467 525 697 250 776 56 910 304 970 963 179 743 870 215 795 6 879 346 466 138 842 297 376 572 53 97 306 462 720 736 135 487 658 412 129 243 794 372 961 
~
100
316 222 965 518 123 902 166 72 162 687 336 463 74 986 691 561 500 119 237 192 554 621 332 644 541 550 367 675 534 886 253 453 232 504 956 813 953 99 49 828 769 724 711 870 620 1000 663 197 679 95 827 394 746 704 259 470 37 626 109 452 820 63 85 798 528 466 447 991 598 286 318 936 964 858 727 171 358 182 315 90 980 118 206 733 525 734 955 883 580 272 998 657 947 876 486 545 88 650 716 804 
~
100
102 515 76 223 264 739 646 702 643 712 121 771 541 810 50 202 81 348 819 18 941 162 143 794 490 957 174 58 193 542 289 628 3 857 670 54 248 677 307 639 216 170 77 78 215 325 846 849 497 140 648 548 246 146 730 614 99 69 740 783 591 338 48 990 35 456 683 517 203 13 909 649 227 485 306 827 366 111 145 776 315 197 725 29 152 638 855 823 138 466 945 128 848 908 613 290 864 376 549 900 
~
100
210 289 952 760 160 840 188 932 574 196 683 912 838 309 206 808 249 635 639 591 565 821 822 916 407 864 660 938 619 202 674 111 706 614 293 623 784 795 189 914 397 962 974 863 445 861 707 435 562 286 923 58 165 229 136 666 324 919 203 5 891 961 884 252 360 826 597 989 886 985 510 539 18 721 942 552 54 242 738 238 301 653 61 59 452 773 339 902 88 208 508 737 726 749 89 792 563 512 464 668 
~
100
809 160 800 889 303 912 354 730 153 556 979 770 7 945 279 157 791 410 456 676 105 704 359 501 657 34 731 121 518 177 874 616 896 624 450 18 15 703 285 574 380 568 123 231 965 130 476 569 535 322 675 776 720 275 661 504 864 336 360 207 936 771 493 987 307 507 778 727 599 786 990 299 247 674 320 378 781 898 878 728 792 723 641 861 892 253 879 517 628 306 764 705 224 597 62 930 294 53 64 425 
~
100
710 157 215 853 202 904 338 656 116 659 842 797 944 40 833 191 736 211 963 241 926 46 339 487 596 838 515 151 789 900 167 777 468 555 389 293 544 43 463 826 747 728 599 993 666 323 567 561 871 128 289 358 573 5 781 382 675 373 192 929 884 556 940 431 260 119 96 704 311 90 554 585 404 82 250 923 577 175 661 589 819 421 514 987 69 321 709 751 989 291 652 212 80 159 33 784 805 269 794 931 
~
100
413 128 270 649 196 592 163 58 411 157 712 16 203 613 759 774 662 580 629 152 768 233 542 153 745 788 168 550 981 844 657 716 544 275 69 583 99 821 158 889 604 458 565 305 600 29 990 171 781 581 950 437 201 217 463 945 705 350 174 389 90 798 189 559 960 528 347 877 913 718 882 77 995 222 828 499 218 468 167 782 867 228 934 985 954 469 204 763 833 221 76 234 603 431 851 49 808 391 741 719 
~
100
326 834 570 933 290 897 481 218 255 998 640 950 4 605 692 928 895 271 261 551 109 519 270 911 194 39 861 617 158 141 221 417 747 309 283 573 890 810 55 937 265 8 389 260 344 359 244 569 272 556 802 352 541 874 555 21 592 474 206 294 451 731 624 967 364 931 9 385 496 181 977 593 930 462 831 56 470 900 372 83 938 770 914 501 210 245 446 801 151 263 557 106 603 757 226 741 884 577 115 521 
~
100
528 246 281 235 20 723 651 118 402 242 197 395 373 684 625 21 817 136 111 640 552 129 546 621 986 484 202 404 371 55 549 578 979 342 248 917 882 61 628 638 67 750 143 818 842 382 84 344 876 635 501 529 912 403 650 168 636 924 164 338 522 220 944 508 315 387 276 126 660 465 114 779 966 162 647 607 251 467 369 30 362 927 184 113 632 826 790 245 618 905 285 481 330 510 106 538 394 780 271 627 
~
100
881 118 144 727 154 82 816 429 895 799 691 341 193 339 210 852 512 768 346 393 150 281 219 529 249 593 687 783 586 623 381 780 402 460 821 279 146 764 502 990 305 697 911 72 7 81 747 307 511 83 988 304 646 205 344 832 782 715 11 506 438 336 345 194 792 849 452 37 29 374 532 859 328 960 556 612 267 484 209 755 268 814 742 957 846 251 58 483 457 442 928 468 360 867 699 530 840 945 148 301 
~
100
903 931 830 437 336 308 181 598 553 305 421 268 4 620 706 345 59 262 376 393 19 990 339 199 629 30 759 661 47 458 992 460 697 422 806 391 910 535 16 753 775 486 728 993 75 757 918 895 313 170 137 971 643 215 946 846 663 18 468 884 773 284 744 589 506 715 625 983 399 104 457 894 128 835 756 609 433 346 774 834 940 27 475 323 864 398 390 517 557 562 583 459 902 250 934 797 817 626 522 298 
~
100
531 57 696 889 694 877 720 611 753 671 146 918 875 553 101 373 186 334 390 911 324 68 963 962 675 401 217 125 106 149 398 406 830 136 832 317 330 247 100 377 785 999 300 277 239 312 359 41 474 926 179 886 178 732 291 270 536 70 286 902 210 442 482 327 552 423 714 724 858 831 563 733 33 709 491 973 129 565 47 414 626 15 264 226 557 295 471 135 574 46 923 624 566 233 643 682 112 333 363 913 
~
100
361 131 399 449 892 106 212 793 655 770 115 784 586 176 111 616 543 797 394 517 870 522 329 919 761 776 817 855 698 640 469 209 725 733 18 251 55 149 459 427 695 573 338 471 65 487 75 963 829 611 649 856 136 742 831 630 154 19 971 286 377 569 312 970 241 46 235 962 82 183 729 359 687 420 7 256 693 833 832 906 523 895 385 381 45 627 128 924 439 418 222 422 231 866 882 862 524 234 800 158 
~
100
834 121 967 256 343 210 907 312 35 787 832 574 903 768 652 518 554 721 570 69 769 296 461 628 353 884 513 334 701 926 46 292 737 192 599 999 87 766 174 217 662 563 491 650 765 263 120 225 963 594 429 929 741 646 194 257 49 680 78 482 393 684 273 18 167 670 534 329 975 728 360 984 896 825 481 40 370 541 445 941 877 596 952 51 101 1 720 810 400 693 64 959 786 549 6 581 863 314 173 651 
~
100
361 20 599 682 806 792 912 872 187 418 660 217 558 855 891 665 541 51 95 837 922 38 904 491 253 935 321 686 844 247 621 642 753 370 992 920 779 625 506 689 227 559 110 918 897 946 651 896 72 168 719 830 960 843 905 956 198 400 726 724 461 226 521 939 723 803 25 467 951 744 137 539 919 883 817 298 736 954 798 214 105 942 824 695 79 713 203 200 575 184 493 623 993 15 311 962 409 29 921 717 
~
100
380 681 866 719 668 975 577 623 882 662 657 822 104 872 800 413 883 996 694 877 366 566 171 164 223 833 920 622 799 71 375 738 910 855 918 381 338 906 749 102 753 973 683 990 341 399 94 179 419 493 819 257 602 286 857 858 863 230 673 68 586 710 774 582 939 835 889 923 91 228 116 111 405 972 234 692 192 510 559 311 942 302 40 992 355 266 765 663 661 203 615 299 667 540 348 490 400 498 820 462 
~
100
497 529 632 538 380 881 683 472 217 635 63 644 162 241 994 825 811 552 232 370 657 914 423 181 65 321 986 450 400 495 506 610 64 180 5 373 257 473 411 943 836 945 609 246 756 320 431 735 159 602 291 38 997 394 826 355 685 892 278 16 98 951 60 22 613 383 563 707 965 911 748 175 362 151 468 153 316 675 595 349 455 810 493 304 346 430 859 381 554 418 125 947 82 62 969 819 622 958 693 146 
~
100
954 306 871 963 375 92 150 494 861 226 434 109 851 982 26 922 980 986 819 896 185 465 647 139 154 554 69 484 523 532 753 349 310 60 210 37 912 289 751 23 476 729 355 766 449 442 888 323 246 207 138 611 847 370 944 764 937 501 38 183 514 136 411 419 969 870 997 278 63 735 376 828 99 457 357 480 228 130 253 114 467 634 576 743 387 393 717 216 335 118 435 528 512 283 779 313 225 256 294 739 
~
100
636 318 621 426 615 4 542 568 632 36 376 657 979 18 399 287 666 646 10 868 973 673 361 352 987 540 495 982 889 428 60 204 509 74 983 732 569 945 268 209 562 475 600 988 707 13 33 995 733 739 300 320 101 364 785 780 687 764 588 797 310 284 367 223 215 715 941 858 937 203 409 94 51 956 597 110 262 184 438 592 554 240 501 610 463 813 767 336 14 907 182 77 895 341 421 208 587 699 379 46 
~
100
53 316 811 692 177 704 773 321 331 88 426 552 739 826 155 38 247 544 423 729 445 912 336 925 201 264 848 989 175 557 628 691 404 596 698 287 295 982 323 58 268 299 45 344 923 762 48 772 79 935 365 92 33 570 497 398 120 518 991 983 851 417 723 386 893 428 516 293 621 350 740 854 980 86 347 866 254 696 435 116 601 183 548 399 884 339 379 587 618 708 390 733 823 106 204 624 130 232 197 792 
~
100
537 764 161 94 686 125 294 8 42 606 520 426 631 453 927 107 912 673 156 792 225 924 993 578 901 206 419 143 704 668 394 424 744 185 890 641 443 343 177 958 303 268 308 715 855 567 566 913 178 68 460 799 483 467 157 314 916 679 278 827 436 600 402 398 549 427 702 322 524 551 655 287 604 706 248 622 507 92 717 933 218 51 564 642 232 538 71 684 691 968 369 168 167 387 462 255 229 490 152 415 
~
100
693 717 251 515 961 863 92 992 331 27 668 610 792 291 769 314 387 141 851 893 205 826 835 363 689 846 807 406 143 765 458 405 399 489 777 695 988 920 279 204 261 550 23 520 612 571 857 663 648 516 378 790 341 294 101 676 190 200 691 428 535 479 139 509 469 475 172 733 574 800 208 412 146 883 2 559 173 996 354 544 692 553 340 266 159 771 669 627 436 787 929 639 4 797 246 597 660 642 798 10 
~
100
225 269 297 240 375 12 915 717 537 112 957 985 971 542 864 281 8 554 718 34 692 65 24 974 206 33 247 618 851 472 26 964 267 868 421 814 458 308 740 955 994 527 490 977 810 870 364 886 840 787 29 435 588 496 999 368 621 972 785 170 826 15 482 172 280 721 673 219 31 965 307 710 636 80 473 766 575 274 181 469 87 534 637 499 492 47 659 476 507 393 191 160 799 156 124 557 530 609 924 413 
~
100
985 216 576 187 312 168 599 176 717 547 627 460 415 58 381 542 340 707 811 351 64 45 219 74 670 765 14 659 622 842 859 482 95 973 492 742 217 68 687 382 459 597 26 513 790 98 846 250 735 101 887 343 917 489 936 290 826 32 899 537 545 23 146 467 324 298 53 954 841 54 66 430 820 823 595 336 395 362 745 239 315 475 991 60 76 963 680 581 903 275 266 617 278 844 993 848 378 253 797 941 
~
100
451 208 482 108 695 241 155 942 507 397 392 946 956 218 716 831 927 611 959 115 912 296 555 453 84 691 5 650 688 852 138 762 31 783 427 416 698 9 818 23 422 736 767 802 70 446 408 309 997 473 994 202 162 863 27 687 523 348 646 394 979 861 484 749 833 154 431 205 940 254 677 109 312 478 409 647 185 922 924 387 614 670 480 668 466 485 620 62 638 103 417 404 902 377 390 352 63 41 714 575 
~
100
576 90 234 808 21 461 161 509 746 454 202 397 123 943 543 63 687 886 455 513 973 368 425 71 164 546 106 376 904 562 355 823 605 128 802 992 781 670 27 995 535 361 446 451 561 33 855 844 365 665 925 525 9 46 378 940 487 244 887 903 757 411 141 714 177 429 142 512 331 655 382 587 871 113 882 533 442 495 266 768 830 422 597 726 212 835 95 380 322 125 150 344 720 884 448 909 851 956 81 702 
~
100
704 635 667 649 64 523 724 992 461 503 71 443 99 666 979 128 202 392 472 59 438 289 731 697 58 908 355 857 191 156 833 890 400 631 276 604 146 298 282 409 449 829 106 32 348 300 296 432 507 319 500 330 819 843 309 160 454 453 29 794 694 293 775 120 870 969 224 594 229 735 269 551 91 12 681 580 397 720 142 967 951 485 216 542 486 288 428 729 933 3 201 723 920 624 149 577 869 581 143 519 
~
100
324 732 199 995 549 572 696 570 737 202 870 447 901 439 578 942 305 581 621 538 722 35 690 637 164 209 874 821 72 420 530 481 955 664 94 465 423 150 492 857 871 434 794 811 379 47 904 770 975 359 651 540 288 132 482 310 121 911 589 708 739 805 843 519 216 253 981 551 466 804 321 790 776 102 397 101 799 28 695 66 571 87 80 182 617 97 902 856 51 375 54 197 940 510 880 6 156 808 426 767 
~
100
696 919 725 337 233 119 366 961 153 832 937 14 443 320 992 899 635 670 508 731 727 859 467 199 978 288 905 98 390 483 702 716 966 986 104 303 963 454 882 487 920 81 969 403 737 745 176 623 230 263 862 211 309 722 548 280 414 34 46 350 808 526 429 190 607 640 784 114 174 943 383 62 936 440 268 338 385 723 596 940 639 84 620 241 579 297 463 170 142 746 196 524 531 587 582 128 214 298 421 685 
~
100
248 984 770 471 393 259 426 85 655 376 560 205 201 161 771 467 948 639 584 321 367 231 363 943 654 854 365 786 1 291 962 64 7 947 593 804 421 98 156 162 533 908 279 163 349 775 127 915 526 112 830 356 535 534 208 332 897 982 876 955 910 397 957 403 930 213 661 706 899 809 662 206 180 862 512 459 580 51 508 896 3 707 437 991 559 776 741 517 516 96 274 787 755 648 123 794 233 903 757 989 
~
100
665 881 813 578 215 177 853 658 4 827 427 124 855 555 997 390 504 208 294 323 72 618 587 475 661 663 843 986 655 34 842 872 104 790 644 279 414 696 217 764 403 927 424 783 344 395 382 956 321 196 566 799 269 55 15 169 296 675 260 545 761 919 110 425 940 500 936 674 902 489 573 384 784 945 452 801 198 815 507 845 376 243 39 841 36 887 576 762 28 152 31 338 625 235 447 636 988 465 757 740 
~
100
200 259 78 416 722 377 737 414 571 777 751 487 311 496 251 607 253 864 33 144 617 458 989 744 167 260 952 761 925 611 172 958 390 124 713 391 686 356 210 537 482 58 891 90 672 136 532 976 16 366 463 215 700 171 943 693 978 227 634 406 969 863 94 712 554 469 544 274 141 879 486 220 15 379 542 48 490 605 666 298 819 810 583 362 248 626 331 723 234 230 936 818 195 223 924 582 821 717 84 420 
~
100
878 626 464 958 628 411 840 996 954 297 190 779 420 199 924 660 30 830 101 966 459 147 52 239 515 726 784 158 99 343 83 557 584 332 160 361 11 329 953 447 586 651 317 381 488 803 693 122 673 901 928 648 846 292 721 658 925 948 491 416 308 450 921 136 615 179 962 315 439 563 396 950 788 986 931 384 10 362 293 548 130 691 207 676 477 349 642 133 562 713 267 835 585 884 351 613 24 269 201 86 
~
100
155 890 138 843 149 137 555 978 669 641 888 264 639 702 893 778 293 12 953 616 895 435 380 712 551 43 276 28 722 959 688 100 418 837 458 856 16 488 570 568 307 958 878 327 268 34 75 707 160 997 897 456 354 163 921 711 104 431 392 875 196 169 955 975 308 292 413 994 832 294 119 638 859 150 861 422 629 401 947 842 796 20 573 367 868 833 374 414 52 302 254 341 808 823 404 142 925 321 945 190 
~
100
277 782 785 111 35 422 81 580 221 264 295 754 43 211 769 548 750 752 3 639 463 995 991 391 699 481 55 703 500 466 447 737 550 912 350 821 706 455 38 738 803 936 887 37 22 683 303 477 199 499 80 213 288 997 519 950 472 541 678 438 757 418 788 120 941 749 524 437 708 880 773 231 552 71 87 458 67 733 460 999 131 966 751 173 644 126 287 304 713 512 586 863 352 530 690 471 400 743 488 560 
~
100
507 993 54 601 673 299 395 547 157 800 639 246 970 237 393 28 158 385 463 518 1 736 751 70 605 654 876 717 517 695 610 512 181 235 47 537 135 777 687 703 784 500 285 413 486 661 785 293 89 761 156 418 109 915 392 251 711 828 20 706 669 361 300 700 227 191 234 864 931 620 331 188 43 781 616 169 771 918 170 78 115 888 488 818 296 901 272 66 986 609 939 79 634 202 827 472 842 440 359 464 
~
100
821 962 296 262 85 353 784 513 894 908 378 90 327 994 640 226 373 148 480 456 356 336 199 317 16 348 811 15 648 143 679 525 79 554 923 251 475 500 323 860 904 503 6 288 932 149 889 357 468 55 798 771 169 218 490 299 906 115 561 346 408 144 424 98 573 122 42 800 877 383 924 883 569 612 521 343 92 457 269 207 620 787 583 607 61 101 19 779 914 311 656 667 516 404 555 613 387 395 66 631 
~
