20
4
-1 0 1 1 
-5 7 5 -2 
~
12
-1 0 0 0 1 1 2 5 2 7 3 4 
1 -5 -8 4 -5 -10 5 -10 3 7 -8 4 
~
9
-1 0 0 1 3 3 3 2 6 
1 9 -1 7 -4 -4 0 -8 2 
~
14
-1 0 1 1 3 4 0 3 2 5 7 7 4 9 
6 2 6 -9 1 -1 -5 6 -5 3 9 -5 8 3 
~
18
-1 0 1 0 3 4 1 6 4 2 0 8 10 0 8 11 1 0 
4 -9 3 -6 5 9 -3 8 -10 -6 -7 8 -2 -8 7 2 2 1 
~
6
-1 0 1 0 1 4 
-1 -6 8 3 6 4 
~
5
-1 0 1 1 1 
3 -3 6 0 0 
~
17
-1 0 0 0 2 0 2 2 2 5 3 9 7 10 12 8 12 
-9 -8 4 -3 -9 5 7 -10 -8 7 4 -4 2 6 -3 3 6 
~
10
-1 0 1 2 3 2 0 5 0 1 
-4 5 -10 6 -6 9 -6 9 9 -9 
~
19
-1 0 0 0 3 0 4 3 2 8 1 4 2 8 0 7 4 8 2 
8 9 -9 3 -9 5 9 -8 -1 4 3 5 9 4 -9 1 -10 8 3 
~
3
-1 0 1 
-2 7 -1 
~
17
-1 0 1 1 1 1 1 3 3 3 5 10 7 0 10 2 1 
7 -9 9 -9 6 9 -9 -4 -6 1 -6 0 7 8 -1 4 -4 
~
13
-1 0 0 2 3 4 4 3 4 8 3 4 6 
-6 9 -10 7 0 0 -5 2 -6 -10 -5 -8 9 
~
8
-1 0 1 1 1 1 5 4 
9 8 3 4 1 9 -6 4 
~
10
-1 0 1 1 3 4 4 2 4 1 
-3 2 -1 -9 -3 -1 -6 0 0 9 
~
6
-1 0 0 2 0 4 
7 6 -2 -1 3 -5 
~
11
-1 0 0 0 3 2 1 3 0 4 1 
-3 6 -2 -2 -9 -6 6 3 -4 8 -4 
~
17
-1 0 1 2 2 1 2 2 5 1 5 8 2 8 5 6 8 
-10 3 -8 -8 0 -5 7 2 -7 -2 1 -5 3 3 1 -7 1 
~
7
-1 0 0 1 3 3 2 
7 -7 0 -8 -8 6 -6 
~
6
-1 0 0 1 0 3 
-6 1 -10 -7 9 -3 
~
