100
13 222705
80360 423980 120796 473176 316407 173040 -418600 74686 6100 9760 468369 297498 355892 
~
13 846300
88392 495276 428652 259415 456816 46046 -417010 278124 40946 4627 175501 26676 1645 
~
40 4374
38403 400289 540548 273918 184800 291684 -537410 7101 627396 10100 513038 573672 699370 -26700 92380 133176 83216 207345 225060 59204 -453203 17928 9656 225423 475042 236725 249900 -294679 307580 51192 202440 122016 115248 262542 -128897 286228 674625 206654 89965 322143 
~
4 -289380
368576 651714 61174 230994 
~
18 -19968
99008 521928 47655 512960 396206 179946 -131625 677450 234468 63840 260570 7 22914 -630147 3190 880572 11050 109421 
~
2 560952
291024 85554 
~
14 320934
211536 21605 28438 4225 94299 116424 -372344 37752 325008 5049 411685 532208 85943 -9594 
~
40 31365
169998 334475 627411 81848 599724 308596 -21715 279748 241562 602240 260442 387805 9900 -321824 97740 521594 553860 54356 51939 80087 -176565 310862 18980 732 173336 217765 4242 -502593 865590 90036 286935 10032 72732 14352 -81432 13365 574290 475452 352289 85885 
~
90 -184960
61545 104517 19432 879605 252900 70928 -34056 186732 25524 297528 54252 220524 539603 -640716 324632 422670 499560 561048 275772 179280 -101675 117609 24332 31590 10296 111684 252200 -255440 67936 45630 105462 38955 526584 384150 -32037 103452 268677 418600 264972 189342 239463 -102078 378432 2824 270840 229368 46092 739350 -25418 126280 140494 39751 602602 92750 519520 -120018 165672 131150 82680 174088 487818 29631 -132495 45632 51660 339021 301710 151620 115736 -82814 257218 327294 171407 748374 35096 37471 -81420 174725 63806 5120 290030 77100 144648 -102765 87127 45980 136710 658308 664110 350370 
~
66 -288880
607031 315964 724992 632040 22248 111672 -42688 274550 2400 111573 1314 130262 650355 -6480 58316 281840 407550 431376 674398 663383 -141252 8153 100 229008 206087 300750 26828 -515100 3707 336144 59500 206635 429624 44840 -93853 41412 16550 97802 744474 180276 390600 -509120 365508 60620 139776 116937 14457 3636 -209560 745921 169320 162440 128940 736 137448 -179784 1032 273504 220946 85725 51982 175906 -331295 266168 25520 8190 
~
8 87296
348192 705250 34362 20102 384898 34293 -312495 1188 
~
57 141792
628605 474240 324490 118746 322553 17802 -63448 32640 281600 1784 343285 250920 74980 -98154 540260 289676 94500 25536 34958 51120 -253524 79800 46482 139755 16724 522977 333508 -300927 82694 470085 645606 18428 188790 9690 -596140 809831 165831 7922 231948 474032 1155 -168600 726660 841500 216752 68112 536733 25636 -15211 159225 142244 668250 43776 35960 136784 -117117 574821 
~
89 603086
571807 234630 12420 264040 217074 308169 -198679 264100 542136 136493 627460 117448 47965 -188680 371887 457429 309140 363051 235339 313200 -240730 71820 449973 98496 130398 505764 56880 -249290 188649 53630 411547 6468 94518 374854 -12642 146775 162624 9178 149769 69618 275530 -569584 67896 330111 1936 100434 2346 249216 -679575 271104 29886 434276 202940 255200 226800 -13464 39882 356577 462984 202444 585125 3542 -22120 139925 310992 680680 189384 444432 598932 -846477 57343 669591 25668 11375 75440 565360 -104000 51243 410250 46530 204594 4035 3870 -65700 411144 514080 148500 226706 52298 
~
14 176381
111240 482148 472416 111680 508200 223212 -571 215824 137172 2754 33210 877713 278238 -149814 
~
85 407602
175440 781105 7670 408450 123066 65260 -253300 26068 242242 8996 134442 155928 326625 -633600 123060 367160 130784 313124 272845 102487 -20424 183359 110295 121272 357892 85500 230373 -496762 5166 26123 400200 125153 112728 547084 -211700 77500 53256 85560 176526 239499 98425 -10500 427008 244900 132334 329896 158013 427668 -54481 448647 81191 14560 437936 512172 90390 -633600 136770 227140 585960 58092 611952 580520 -296894 371256 64296 17278 37044 240975 302400 -121125 469392 55692 79091 57204 215488 404505 -546150 564340 526932 366765 622872 10380 699021 -40902 542340 
~
79 -247142
534036 470346 17150 154349 166112 880650 -34048 73980 22470 226380 44730 499500 544334 -144744 124785 97290 606936 23528 374096 132888 -259880 163464 7650 4095 223890 420578 647472 -197060 127008 522693 415898 320674 991000 72800 -76676 826137 69222 147554 653600 942480 724060 -192372 42960 71530 103452 746695 72380 238349 -4144 111356 761475 141950 436932 401185 980064 -188485 278146 286101 27714 13532 36608 32879 -640976 208307 194304 372484 317564 442772 14592 -29536 114000 18936 6727 6802 24056 34932 -349520 22308 224824 
~
43 654480
480344 51552 288288 29640 341260 104654 -148212 38259 47208 55584 63705 737881 466871 -54614 545221 164288 61040 146633 302978 39780 -112216 87017 189184 365940 337832 140499 286682 -366432 30392 359905 412525 5706 131670 183393 -272448 41064 423256 679680 43089 55930 226572 -247860 280288 
~
21 410592
41385 46080 133334 9414 446622 67320 -223780 218064 203745 360192 39155 628800 537810 -32040 69285 37968 928026 204 475608 12264 -10506 
~
18 383724
277350 89253 145640 187372 615766 247793 -225090 71487 185330 21350 225040 852432 2480 -158570 261871 602032 383488 60756 
~
5 621502
470554 146304 61812 156978 73365 
~
94 851294
584268 29184 529848 60956 68068 635304 -11374 43164 214185 72480 419741 202032 492270 -173728 350760 116025 289836 419551 572566 111418 -130500 306360 657248 247650 585114 11880 243390 -38512 338117 647829 38790 178944 12870 100870 -753102 165831 533232 755820 5252 13118 485595 -235224 174936 102185 160056 283932 18760 35380 -486813 583770 311259 38115 696072 87360 184506 -166936 487940 768950 375390 28810 62000 599718 -532620 5598 321084 31296 621837 319124 854227 -34944 353064 244904 263134 242256 58843 509658 -9516 228448 18816 837620 73408 874104 55152 -418710 551432 214060 432464 530704 215000 55080 -7695 5304 231990 44824 
~
41 -302679
12050 106124 53631 429111 212520 139832 -554715 102102 65819 133603 27600 38502 14850 -151294 315666 522065 201453 163520 242295 317156 -242874 489104 70074 35496 288230 114126 489951 -185962 100590 66752 381150 512082 70110 246864 -233103 234150 2751 700650 124906 287918 172224 
~
79 -278530
279225 18860 145230 103064 8740 104025 -197200 11362 15826 46144 272181 86815 111384 -33864 213048 283950 284217 283023 463320 175490 -231777 188652 487925 36480 30464 245160 441960 -11424 2548 4425 287042 20562 129503 431433 -751464 440340 301464 707245 341910 531786 173990 -56576 20615 385560 542322 4921 9036 133380 -15624 15974 388227 194635 78694 199662 249854 -365292 232815 408216 106359 924482 18009 133566 -41762 152622 719352 234668 466100 491310 117504 -179716 116736 290759 306114 169400 205200 290070 -339478 123606 103179 
~
77 40414
201685 84088 143550 321195 67665 18750 -118403 31064 46365 173952 545965 2850 276210 -176056 344043 148104 340704 863178 262136 628230 -370952 333410 25957 8723 17220 139911 145344 -724992 155720 446508 48495 438344 15686 93312 -89115 337008 64768 236208 493885 73500 190300 -27200 378600 271684 23607 337260 280158 577710 -101352 31770 222102 264420 10935 317512 893950 -53519 64009 86142 666848 346332 130340 329681 -36036 147375 340956 402960 151876 415532 4410 -10175 763000 94070 285075 396730 508250 168519 -670020 
~
34 -71642
460884 594041 309725 858696 210858 440544 -174328 491184 305000 130744 399596 465885 841696 -353800 228360 152508 788660 734250 825470 742603 -272739 174836 55760 546735 128466 658206 67872 -50250 55145 697076 71592 155298 30576 436305 
~
67 -644328
111033 78975 36100 796 237211 5029 -184832 415693 310464 12558 221072 82830 138237 -560956 363552 88105 769410 19188 559314 156892 -679182 77792 82110 561666 116127 40425 123732 -444015 357504 1492 645556 51975 235626 1216 -117249 681095 542789 386260 286994 100368 555014 -118736 265456 573952 411987 39942 57750 365302 -11508 555303 103914 362080 38760 617520 37968 -102375 101495 469200 285120 117000 278100 121218 -97750 157886 319662 212646 497898 
~
3 -130479
617000 58016 221844 
~
61 -139867
33930 102985 46689 402705 5852 29240 -2175 377935 386883 446940 865340 55936 620772 -66690 189388 278124 311256 98371 1722 53504 -157295 224640 156384 234612 44800 492544 239136 -22680 20202 172656 376428 147628 431893 247912 -234366 13986 529100 215025 161600 598829 567270 -683275 290703 175212 78684 175904 796800 160563 -118375 801135 242352 87444 749805 567432 297500 -37084 368726 11124 91800 195160 18340 
~
99 -703080
174 378899 668457 20792 320694 197976 -498484 369150 100110 186966 53664 252314 235296 -199928 105534 195780 907254 38070 688257 136836 -742346 727000 782280 753194 235718 70252 169126 -235296 254826 21131 453357 46081 549640 45258 -16544 59585 654690 641472 371530 261257 456 -14074 112013 532168 722127 40456 609224 40341 -6560 95205 17736 5190 348575 586315 502719 -1398 460952 121477 8425 264192 249840 511081 -458832 184170 47464 697088 18081 426400 123625 -50048 287300 823350 58374 8188 8850 24300 -355642 7373 226500 77690 501660 149919 713370 -371151 521901 33966 687375 379014 813267 10602 -16201 130938 415002 468321 310765 60605 5400 -224576 91392 
~
32 -677816
177408 27664 751854 269560 158304 283434 -260452 256149 261725 345306 156660 444428 39864 -505236 7366 322432 113844 91392 419430 40014 -26719 22932 396171 382505 380851 108500 346653 -47502 98098 211560 110460 204156 
~
85 639044
73944 134174 451647 6480 303800 245616 -149682 91350 589160 19824 15147 324178 42528 -279006 108153 521594 398934 298740 136920 849963 -70376 37407 200039 511710 381570 112770 2994 -7168 740776 65073 614172 30096 146970 101673 -742257 264228 51535 200400 116901 907756 142868 -91756 271660 382912 30016 136640 330330 15226 -6288 393600 19872 75576 138320 92588 475772 -239540 121572 29116 437580 14886 135702 1564 -554265 119584 233766 186852 328830 361660 465504 -264810 534855 15824 5280 233801 143990 265016 -403318 6237 289656 719950 343174 214054 665015 -670605 1742 
~
95 -69886
369720 149648 19617 79712 86523 144728 -308100 259740 58876 73491 287474 207647 32376 -505305 53332 25410 31900 127839 806601 2210 -789291 256194 207194 762335 129600 3366 259241 -2870 800513 172575 157356 211990 538196 94952 -57276 195978 237870 4774 181467 83600 194923 -30284 292334 435095 30141 66928 175419 2583 -397980 121296 386523 322270 100890 60347 396480 -231072 46176 169643 264028 582558 702 463296 -397168 82212 115116 610153 293296 25086 172002 -133209 8320 456666 70119 71796 34020 3465 -417470 77970 127967 452655 674177 557550 61279 -91120 425056 104829 24120 239037 473921 491211 -186244 594928 63750 743601 305694 
~
15 -26315
641964 37962 339190 196875 72072 44910 -41814 433791 214200 479093 462526 238815 571230 -99351 143232 
~
13 -244940
359476 144 16554 438820 782800 351860 -857822 639450 709865 95877 218268 747152 8600 
~
79 25398
512732 115830 327675 23199 73538 853368 -133563 164854 234426 578935 316410 177444 653780 -17820 98252 370755 615362 391072 56817 191048 -1120 257152 54162 9843 160678 347760 283656 -49894 230231 82460 626727 24190 466075 291067 -88842 207473 46605 221382 12525 194828 287781 -165252 142519 116220 102087 450275 116760 64925 -425638 42980 260442 643280 222460 178365 52785 -281853 52972 624262 18370 333720 345269 52507 -17028 4590 206544 502178 170376 19434 31416 -76328 840448 88450 514855 542616 40309 54614 -200364 46008 507969 
~
77 -254156
331597 67527 27863 115304 124592 655316 -46431 12580 121110 242928 65500 585144 148613 -27120 112495 75932 207693 355122 127410 245376 -952 304096 392034 417050 91863 94527 21736 -47872 235053 708948 754416 639235 14110 68800 -812492 158508 329303 8265 188034 263130 127270 -414120 214336 412412 6528 159732 57116 1452 -224518 182637 15912 566000 878000 284649 614250 -10382 469838 302592 201096 161130 46706 24616 -510074 161217 148764 46046 120870 61133 46860 -241332 106132 96164 505660 227392 227953 182787 -80976 
~
44 -44409
584010 63111 167580 456570 224182 296926 -603075 136749 22050 835002 186434 258479 376029 -413930 48954 443143 174399 694510 135993 225389 -317505 196400 5966 15104 406392 113841 492219 -9260 276978 476088 299468 426474 106440 378753 -348877 24684 367516 15738 364572 603728 753610 -747936 97006 234230 
~
23 763390
3360 226554 537462 289250 155236 71340 -520532 55527 146234 174240 42978 406881 384930 -101472 69012 116880 99807 156744 13452 38844 -1422 181608 150123 
~
96 261664
263756 178480 514444 936124 51935 18225 -110852 55104 128924 22659 234544 698092 176500 -7014 71145 205524 90791 578569 286560 532114 -655616 172140 179256 674960 160284 4336 51375 -186624 781956 982056 184040 63 308484 144970 -491855 52311 513117 369937 44250 202537 592878 -524055 41006 4471 439992 245157 485352 299556 -334524 527956 111916 58255 26071 229292 293690 -6171 109648 286440 111544 437805 99246 290576 -568824 75710 97410 38781 9282 829652 152082 -93016 141740 453054 166500 205740 500840 296228 -183018 18424 94856 164256 835781 439295 241533 -54058 428655 207792 724827 126560 358938 489255 -267894 112770 820800 429040 82228 228149 
~
75 718074
276960 143397 308348 705870 41160 3800 -195546 107700 690616 460317 709985 37515 60896 -234864 573405 18732 149480 291311 89744 419430 -232274 457920 103044 304274 469718 201756 178856 -808185 84700 500198 59904 61750 173448 875471 -15283 255000 504792 428640 470412 347545 398036 -221367 486390 447118 538824 24882 211242 25668 -47710 710240 247632 737847 488054 77080 403914 -139776 14000 1760 60143 146016 510025 693339 -102312 567000 127612 373776 315861 297024 149211 -29397 594675 19272 119275 436050 225171 
~
55 -269040
61004 169050 116660 9061 223132 239953 -202440 89100 31395 148 54870 257010 435897 -472750 155974 283975 6475 357232 223272 202290 -11325 144200 91948 68510 351024 26001 155100 -66222 24273 372090 346750 259259 32980 276948 -274364 36660 182304 651365 110894 16259 360144 -567056 685884 123137 277900 15664 405072 17640 -233288 37286 305778 132418 164520 47092 17632 
~
1 897574
259488 
~
45 324519
42174 454240 78792 715275 334342 240540 -662300 115425 549640 288741 27300 415989 30504 -53280 7956 207192 82764 18492 528984 28217 -238380 135102 22232 43128 14841 739100 55620 -15000 62086 197135 59343 180498 696654 164738 -673202 393328 200192 312228 173775 674832 12411 -436160 344430 185640 159040 
~
46 6200
36498 34817 39008 128180 13286 83676 -66286 217728 426288 251904 93312 149308 149695 -6516 11232 595225 69966 707625 303510 368966 -367488 418064 340576 138182 347812 342768 189932 -469404 22506 16422 510350 378864 113460 181506 -447168 47619 587385 658008 271006 299820 497514 -95571 422037 468663 215400 66960 
~
92 333126
265036 22575 721500 15704 496736 38144 -220951 56250 949540 401731 23587 80095 21528 -817152 620864 40179 487772 558360 46800 77400 -69611 764956 63879 7392 315524 138618 517610 -584436 39932 205868 2688 907000 13456 71806 -96354 93141 443734 494375 87754 24472 266568 -489957 12749 68655 292950 343980 438510 62696 -316624 179992 476885 60295 222778 78105 254910 -210084 183274 654500 7672 12576 549320 37440 -110220 30338 708064 44915 246174 27404 171672 -160392 595467 373152 415395 362460 390575 3567 -453493 277887 216609 391716 248005 377803 378857 -35555 53088 113285 132046 45384 557872 78660 -388620 666400 
~
57 -122850
255640 151164 650771 357483 6496 202464 -44581 263954 109612 51084 290880 330225 26224 -41025 171288 308555 191649 654372 505524 57888 -233120 207690 153476 165980 499730 192515 105011 -469200 520430 179336 27279 167143 93265 56472 -289520 50598 177862 48287 435310 661440 197792 -601992 604989 372480 162870 393490 191820 48392 -243840 702720 645192 49280 504754 90528 332640 -345332 218508 
~
19 -234360
572400 298570 273141 13233 98440 51732 -158208 113643 265995 71022 136200 318388 428652 -297946 327593 749100 681359 162352 493272 
~
6 -292588
125840 351500 467877 395108 139200 133104 
~
67 -403522
335650 371280 236880 119860 887116 363664 -562676 302865 68708 233448 26600 444570 519183 -555000 131430 418912 34800 548262 249380 214434 -371520 110980 164052 16468 618492 1102 87516 -94394 495180 325710 19580 290928 208702 131786 -48178 553000 427060 496736 52542 320460 216216 -609606 15114 143313 394065 49728 94800 154574 -405631 371305 318091 379500 140275 227999 748284 -710562 110292 89298 26009 446652 317376 463360 -3516 731367 604824 40650 372750 
~
55 -138880
99632 39474 260190 198314 637560 702477 -35880 20987 298496 11880 128790 3193 654264 -422912 461168 827510 90720 268520 407712 88320 -526593 73800 219000 690965 554652 17688 188331 -11425 433566 309287 444442 134312 460206 299630 -82186 267840 26714 47520 42498 59302 307930 -26961 61560 701112 704975 269690 307430 472700 -29704 1485 376272 72297 30798 269824 121746 
~
20 349866
138645 13764 357760 137888 269873 49104 -308484 326740 85905 16864 34254 37072 108372 -81585 152500 328588 252762 250808 279450 75819 
~
22 -168324
17375 99300 41078 126735 393084 85470 -483120 33579 195000 64128 69084 229900 5310 -326095 530145 462605 342585 640542 190598 182214 -86553 69542 
~
78 151662
407169 193991 354560 407123 349830 21209 -35164 447204 255972 387476 218178 372360 112488 -436954 105754 294464 174936 527589 61650 164710 -286646 913095 273917 12376 776412 100485 584080 -798660 42550 305523 53199 183820 195909 402162 -309613 248040 32938 428120 297600 336300 148947 -1736 109161 58164 231240 282532 64800 622720 -576624 6390 62361 3204 113878 271168 814590 -89208 806519 550077 214638 264600 151060 56760 -513320 77142 616531 8514 546735 529255 371140 -274260 255012 273844 4266 32840 95918 83781 -111232 296562 
~
32 -60501
735096 547600 349812 528922 22876 80190 -194580 770472 348120 139118 672624 144900 650424 -270940 51975 373632 87780 560 315200 199034 -279604 194235 89040 274428 308070 265290 179190 -72076 312381 11880 250600 100672 
~
89 -384480
256875 112340 217049 78372 487368 48925 -140296 184635 87696 56610 295040 497262 83085 -311220 541155 3146 100256 5203 395654 319788 -645830 93631 76024 428640 899002 185166 600399 -907236 33320 54340 58850 90856 381528 63829 -156529 310422 635970 62457 290700 295974 136224 -896 24790 278125 320960 184708 404784 250749 -69834 38335 184195 169442 264286 35224 479232 -670500 404190 123891 59670 104325 73970 207915 -112320 115217 39915 369754 84888 211736 582660 -298471 111672 83447 330340 120777 25456 48825 -94208 255524 280320 17204 105672 123319 288345 -476392 775137 443880 471396 598950 396915 
~
21 171814
494802 405600 93304 42746 62211 599250 -337940 8388 120304 605006 408969 131600 111741 -20608 45162 61070 465248 474012 274784 435610 -445536 
~
80 144256
232311 176904 463512 57963 7665 258635 -114915 403909 201810 426438 8965 217501 43274 -265524 134 290400 586863 178704 7708 269326 -36926 64326 574222 34048 133835 550188 191754 -392480 27825 6555 332985 430008 346 395552 -315229 476634 59904 139128 25665 736658 304584 -625680 288288 394000 594320 602910 283864 4704 -139956 461776 90945 151204 278640 732096 394128 -313214 16920 8790 342360 281520 1725 24640 -511105 54549 579544 65175 279929 571480 151280 -111723 297453 147934 50328 46781 220080 81606 -98865 376200 199068 452396 
~
17 -227796
12488 112064 591522 482734 368550 516736 -586692 147066 97875 7040 201025 407336 693576 -16029 455952 159735 457930 
~
76 -181293
673965 8750 702090 72765 42400 283353 -447370 5382 78501 205758 186550 493034 71136 -124620 199066 136600 196896 344784 658240 135330 -24220 119153 769277 395505 503585 403564 205282 -164715 446040 146744 322786 434250 32873 618750 -283608 92340 148869 112266 58527 44132 43626 -2187 38802 253968 131128 94500 117777 447300 -184458 274248 166662 464250 5040 604989 893950 -138484 255248 119510 3596 548934 662688 531702 -8100 804528 118730 411510 407550 402864 70807 -188370 247835 441258 229042 39038 164124 194463 
~
12 181629
203496 168100 335634 281010 340104 503296 -26520 85656 99935 69000 291410 4830 
~
51 -395444
202016 617324 226032 283454 424536 170274 -869547 242003 340722 69264 36783 336182 389623 -2568 306774 252904 865558 183416 273430 615286 -231572 347480 116312 338300 586496 655825 686070 -104000 634938 209600 214368 112435 401376 508440 -170450 4008 526290 79560 38372 551 517810 -274288 595200 516852 123840 100700 92850 326371 -213600 72177 552596 
~
43 115200
432985 463680 335280 369720 7056 56244 -446457 82929 84525 117062 343122 423198 106050 -323505 179400 234039 439110 713479 50688 125271 -18942 3289 328950 547995 25607 101136 379638 -104340 104706 39270 424542 105000 73416 289668 -187110 217236 242263 166992 168728 166315 718080 -92560 679427 
~
81 245718
136125 424060 347076 481896 1435 182275 -498420 123824 57814 7912 505470 647220 234050 -390370 78400 41118 41760 159488 743016 232587 -686410 741280 360376 587064 176056 392350 567005 -267696 525976 366011 11526 153120 92514 169848 -442885 145464 333593 84422 192485 280459 273912 -18538 96000 201500 613915 14338 770883 194110 -21300 287316 27885 624150 141636 86020 101461 -281187 105380 186548 534716 448776 107630 19776 -76230 11376 841425 120176 426140 92455 47940 -367352 205409 374673 120680 94105 459096 96657 -214326 194068 565452 202878 767151 
~
19 12368
124752 403588 98670 43632 372480 137232 -155431 183280 80832 1650 65960 791998 531875 -403434 136604 74336 625119 109575 210936 
~
79 384250
92629 797796 17875 341952 101248 28194 -114124 48720 29304 99568 85396 281928 306837 -347060 185690 62937 135720 346060 156770 122100 -687871 431456 146692 422212 63745 526532 22011 -271216 198144 212541 88960 3667 166896 379317 -77062 616946 344796 57792 15276 35046 181272 -3759 607924 463218 433068 174196 324704 241805 -289872 106764 254947 113904 187320 330995 957456 -45356 378975 341174 856800 589065 115311 286300 -240900 192448 93093 424190 528528 34317 543510 -635123 193019 264027 877026 743762 807240 104346 -143289 141840 234127 
~
95 40592
227556 54144 107040 220941 72111 118923 -835332 81474 417360 32700 381300 607200 449648 -226709 347396 179010 90828 160389 166840 595625 -185840 450072 254012 219292 11505 7134 533216 -489000 577670 159960 158700 23562 659568 7328 -786720 16117 294912 658329 24000 65968 106872 -243432 586305 5922 193248 337913 688674 134442 -239292 369408 137965 140598 99533 254979 290720 -31416 234837 141605 327964 209752 376356 420693 -203889 158208 228578 703954 249724 37878 62811 -393984 233039 90012 97230 69972 164720 1428 -420039 465835 30537 143665 17928 517524 26896 -27500 347274 210743 8686 784575 370260 61425 -297312 386764 494285 376869 537602 
~
35 18358
170565 337237 572838 8232 536588 620583 -797922 217250 116952 54000 356360 507360 63518 -89000 47950 236544 204516 109135 779584 627068 -241362 700828 545670 92225 260206 297611 347355 -132675 344617 12950 114380 90895 75284 190512 -68904 
~
4 -384800
701505 207036 21076 620746 
~
42 -10455
7172 272412 88445 81508 65272 245175 -174250 43456 276640 267720 172377 646410 170925 -5274 161236 116196 111672 30316 29682 332640 -99360 320446 53148 106191 295368 303676 214230 -63714 149732 11664 230832 34262 681326 280500 -28203 106368 206172 348404 201850 360450 224158 -55719 
~
54 -38512
777228 94347 40572 556756 618570 620000 -130611 64505 325838 530406 182336 17390 68234 -370640 5355 132468 246048 442977 171028 297648 -827112 124317 65156 28350 227360 113870 150998 -385350 843265 157760 655686 829572 264870 57200 -575664 52530 16948 195096 453492 457816 93291 -438210 10100 28188 14742 152442 113542 468930 -10092 104606 181492 2571 477040 13392 
~
77 196173
13090 16770 274950 421953 90720 272356 -159408 106580 431028 6831 454360 462753 16224 -34650 311448 104951 11817 147323 148410 302682 -16095 244440 106577 21025 96976 703665 64308 -120960 769984 177770 324864 494100 60690 723520 -134400 175216 112504 622896 258942 166448 158115 -377649 463865 752952 351648 619080 125038 74814 -433484 182539 623280 152712 362858 936988 384035 -608727 244470 263978 10904 37785 90576 297756 -1015 856251 222768 297360 556404 876254 502350 -9702 679182 29808 178596 196588 196553 3599 -349396 
~
38 305778
105664 535062 66661 445896 413696 309952 -129440 711200 276336 258420 85068 753830 6615 -43803 324310 308256 73920 179859 22338 88451 -91686 538384 559104 8100 10545 208050 218120 -69864 177870 125450 270844 172270 523800 198000 -333144 290304 74520 721656 
~
3 -486591
394446 435473 446448 
~
90 -73853
120960 701338 639184 572616 551901 225676 -454443 192168 538620 133728 57660 15582 55296 -301750 33755 172306 305552 76096 554878 752368 -33320 125296 155296 232083 42596 165093 499448 -77765 730614 150300 363636 215895 159392 19909 -617022 147056 594807 215118 318087 111488 103462 -2865 298342 251775 178368 491504 405140 30160 -11424 262592 27990 324090 33128 230750 100975 -389329 596232 216394 931728 22149 253822 742739 -70131 138224 12720 27258 631120 213586 739214 -52864 175230 116032 9454 64527 11392 124439 -587466 383960 95608 178944 82926 587060 92400 -827964 470412 149600 40227 81279 140462 276632 
~
65 183000
169290 453761 415150 43617 437535 246750 -137112 35010 150822 536640 183216 800701 633276 -58443 220890 413172 102024 130594 197676 919990 -447426 155652 722211 16796 141102 366781 39592 -289731 234394 475380 270570 431457 55590 638720 -3800 418660 830560 70731 60059 140130 176734 -33579 97486 31161 311499 87447 509970 44550 -248305 3112 89440 87596 154768 445912 190432 -485070 12432 97644 132594 193715 603408 338884 -3465 89776 201262 
~
93 -429660
26320 334800 77854 703780 475950 51450 -357246 32918 146491 63918 171082 655044 66355 -275088 69126 4700 470673 47436 47674 147335 -427500 17157 15096 353280 70434 612306 97768 -149884 30195 565862 84816 569457 53802 400664 -50250 116974 321644 28896 556260 265029 367536 -109200 587664 55432 114840 479552 121905 34776 -306900 88806 156492 392729 117217 11070 335574 -45264 71416 652540 177135 559290 137085 168300 -57028 260040 211380 552387 16992 111958 9676 -350064 715105 235631 65427 178920 393216 135978 -42150 115851 147657 537921 365078 297180 184920 -642843 40734 383528 301950 634967 504 60507 -156877 82004 196384 
~
5 286208
7865 221628 115920 153648 383748 
~
37 -21083
456988 314880 340272 129228 157795 218152 -710094 627732 14558 220731 410176 168480 606033 -445200 139860 271803 772730 146832 55748 330694 -128405 1072 437720 20355 98512 7467 335610 -125171 10350 501699 21526 456320 294134 315146 -486850 12048 376650 
~
47 722904
694926 280135 23290 624353 203390 560898 -8424 683332 211296 298034 446875 257546 41496 -408558 106880 460404 149818 645516 25380 102125 -243219 343872 201630 328073 327646 414018 233500 -704548 511442 155556 30267 618744 608638 439920 -505263 134028 483875 37673 62124 355290 22032 -926406 270675 27125 42506 59302 336980 
~
36 -263744
24700 295945 299700 66203 112008 19434 -165754 157708 213012 144720 20020 189420 213044 -180504 302022 621192 467853 24189 348119 125517 -400585 19458 9390 59664 199963 138945 77490 -42458 353184 149819 76384 120879 329593 52269 -400508 22472 
~
93 504350
459424 19536 334488 314018 449790 171738 -699359 633992 596790 300160 151525 13194 13805 -68391 296765 193674 30615 36525 798327 396539 -709624 100912 523530 2926 277706 214513 302640 -11086 226070 15006 261711 288540 5075 177408 -693056 622422 468085 146685 28215 118272 183502 -93684 200046 760284 122616 126400 100914 247552 -72030 282984 27545 477568 693504 337736 399434 -39330 227624 289508 312052 171342 649126 13432 -141504 211447 86913 133284 143654 276433 497250 -31560 216675 254826 688389 125324 12593 53040 -189426 186732 3006 357780 320775 262080 881664 -396825 14800 240745 825257 567392 5151 720 -324000 44352 753774 
~
40 -3294
442719 298928 112623 7220 408518 638352 -795264 78166 143220 477090 592515 27591 79515 -35036 443864 236555 220206 208468 398682 278610 -912640 486875 348634 126893 100980 848562 583296 -12096 596770 809280 865180 79200 525624 413056 -117746 678897 20075 444117 101928 291599 
~
19 721411
702144 170772 98910 572680 56327 40600 -105800 307139 14895 299182 11861 660357 258780 -622654 651300 359471 583884 540054 90688 
~
100 364679
608638 207156 28044 185759 572240 56729 -276750 778050 349758 306228 76398 732669 676170 -136059 16826 206567 463554 154714 245102 740454 -154790 39848 549540 546498 742315 83993 227088 -12876 394065 227448 132864 285090 292962 12080 -352160 203490 438243 124845 199433 187920 432180 -199200 378840 262913 340016 334780 322376 137795 -40572 39042 820050 447672 85840 600498 76563 -20865 443700 198000 308660 11520 1865 121561 -387573 54340 575505 185976 137920 310905 95718 -11058 392818 293230 611020 4448 93198 56580 -13486 215629 682255 681428 63350 70668 48348 -401625 158795 79380 149872 148780 327279 231572 -118375 5084 793611 595876 101178 291924 838773 -34500 74100 194586 
~
34 92759
9750 903560 807534 165760 300855 21406 -38226 253132 400596 108190 12600 33744 217039 -3450 347004 271930 198458 286824 50922 84318 -313390 721216 469437 6954 69904 172209 843030 -137586 17514 307965 311328 45243 171360 29640 
~
53 -53238
14976 287541 281781 72360 86730 229680 -144896 243827 57600 217266 202248 264546 2460 -307856 22752 247032 17622 114513 430236 8680 -654829 12996 347424 267300 872998 25680 103836 -72742 416508 253260 117458 285000 698516 429 -729335 221700 32320 285740 311220 524868 468636 -88040 81841 153725 807378 190211 229858 4794 -570732 71060 92224 80592 327968 
~
40 305610
623571 4704 165074 45276 305195 87568 -410313 17434 16748 561212 124608 248133 29128 -235152 610414 5890 134368 308367 405840 310800 -53064 838672 97475 433948 240784 200326 289690 -17119 15544 13455 317512 424434 37056 73865 -33580 18216 519840 197806 62160 974153 
~
51 301491
282188 220848 181953 259000 836920 6794 -300502 176784 50460 109983 218652 299676 222473 -152646 276120 603259 21624 81120 45704 144936 -410268 15134 85750 2352 25452 221520 285843 -99189 613776 123552 207900 573954 185606 59917 -470272 167056 137640 570490 151949 169566 81204 -220220 484785 516758 12104 367540 225561 49298 -621964 229906 261600 
~
43 366624
234423 226044 288724 360905 173348 175088 -315354 16376 405822 203394 28764 148944 38198 -472644 357192 28056 178794 58395 74480 287595 -179967 494915 79396 328352 18036 483120 223779 -121518 119991 183065 689710 250107 682722 58058 -350370 161595 379953 686660 256680 53244 12650 -318240 489347 
~
63 334368
269390 29694 519844 38000 295748 256265 -70751 159929 81700 495508 459200 85696 128918 -1118 172308 234702 376448 105070 69700 42294 -515799 434511 343132 593631 3188 146862 423720 -446082 2250 79893 90000 10980 385029 107184 -956435 468288 2248 397772 23528 1560 200644 -8151 525918 12272 257388 365428 372812 227920 -949270 258230 791370 316680 744240 22823 255780 -495504 228528 763020 140420 7230 48160 24514 -147387 
~
31 -296255
50880 362318 157550 173217 40803 340158 -245508 30973 241332 75063 127840 19344 295210 -562716 406805 124416 58344 100632 126192 342969 -190900 22098 184280 573377 22464 36495 16206 -512550 9226 523724 414038 
~
95 478716
14756 262434 274023 13338 77420 211500 -74235 304241 448413 271440 26432 482763 12535 -68182 96552 50562 45414 28380 674860 199920 -235815 269690 75285 470725 4560 65484 395080 -248325 164122 234632 842064 95634 749977 93808 -52056 167495 146010 201279 370832 208408 594996 -566397 796929 104880 164280 38052 3455 447200 -117576 23622 334341 290368 7362 9706 564512 -56140 181968 308073 470162 32724 744769 18549 -235873 224808 385726 416724 623917 66374 192700 -171958 34008 40152 264623 170570 357588 411380 -320640 226010 38440 65714 168468 340054 137280 -2583 410550 51840 189072 9681 81949 338684 -80194 115989 34209 608682 233415 
~
73 -156400
89544 17384 339904 199510 497915 102656 -774752 18090 532325 161006 253011 28215 308060 -615125 4725 17388 457780 216428 683571 57951 -126378 60918 169472 250210 511277 99666 235586 -131670 637440 161204 12537 153912 79325 122360 -18750 146200 25631 636480 407232 813556 56862 -447040 432883 33472 718208 231883 31453 65934 -125312 79184 27848 126582 509507 52664 304235 -29796 741370 252400 166704 43508 115338 271196 -87874 11136 88800 219024 159500 270270 260487 -72640 13137 551036 227075 
~
20 -843030
136026 197715 50141 8448 394980 285840 -137314 461235 117072 139968 312012 2799 145323 -247480 555360 85973 504889 74217 237168 198005 
~
49 -398112
148874 388890 395539 544476 177205 334098 -25270 439530 34276 717554 30240 254930 634120 -43710 63450 421644 378014 643934 17813 696080 -621075 233709 155520 63624 37510 536579 523212 -678615 112104 248193 256766 258084 613040 40494 -80699 19460 37686 17313 14560 59849 772112 -1428 20250 185180 47940 5280 75036 344208 -533832 
~
19 244325
43554 147033 779584 6202 317440 570865 -340360 489770 624493 92933 281664 88690 188370 -502632 952476 31512 437202 849366 448040 
~
81 -390507
131120 143290 226706 65199 395656 115920 -1564 282800 225654 115330 501760 22686 164082 -369978 58032 117920 130130 430908 600660 52080 -139539 137511 24140 146216 278244 341634 38784 -156434 125458 122428 169880 757680 185103 110334 -55675 210560 41205 124131 442716 373176 117807 -83853 616722 311710 786 279942 448 561571 -338484 15288 86346 253332 56887 98425 481290 -92960 190460 111072 297804 860232 869050 379929 -374790 140793 634694 535558 37080 441344 266220 -25908 2688 308959 553969 575016 237303 49536 -215638 489240 97662 210399 748673 
~
65 716253
38055 751493 2632 353129 106020 553335 -196560 61152 23256 362766 313975 558909 645830 -22542 734224 82160 179676 288144 165788 373581 -331992 135880 365192 62916 432424 214931 46365 -2535 199800 141700 699359 46750 470000 630864 -441078 220032 740880 362052 161370 428415 129344 -9477 46255 31932 438912 4256 10478 151875 -105045 628368 150195 647235 148000 20202 300352 -277849 236394 583527 151457 124496 153571 28512 -88848 452962 124248 
~
60 724472
297557 164776 336960 88412 268226 74760 -258834 51678 60480 72352 519232 5856 99545 -119700 653499 222006 257404 836247 66928 259826 -149056 123939 106920 5685 26016 296450 198468 -663390 211046 155248 239313 53820 765648 43485 -537768 588657 35280 549628 444512 258108 836640 -283338 148010 83580 609840 8910 83830 443394 -7644 123085 569184 15642 28469 325288 53120 -3971 313537 261942 206367 185928 
~
3 84546
836128 548208 210532 
~
