100
13
581869302 890346734 586334585 545404204 161255391 922919429 949333985 715962298 323567403 418932835 350294565 196140740 809094426 
~
40
264392720 112460519 279768804 144164697 156218106 676943009 117454609 168664243 213834039 111000746 471852626 84672536 427838553 437178460 275731771 609397212 20544909 811450929 483031418 933054126 747762695 402504553 772830893 120988587 163214728 816384844 427077306 153380495 551745920 646982597 910208076 11470445 926416934 915145307 712568902 254469058 181055693 191729660 39073006 684602222 
~
87
815256116 746745227 735241234 296707006 32444839 424291161 136721026 359573808 189375152 747053250 198304612 640439652 417177801 269491673 536724425 530047642 984266209 537655879 361931891 280281326 81172609 107063880 147944788 850164008 884392678 540721923 638781099 902841100 287869586 219972873 415357582 156513983 802611720 755486969 103522059 967048444 913778154 94092595 775893247 410096536 46698742 955127111 241354600 468319344 185518681 31277329 919300778 12105075 813624502 52449900 698412071 765791248 511091141 958646067 140457296 323948758 122068897 464257528 461945556 765644424 513705832 471087299 961264978 76338300 226667454 527224675 95625157 525484323 173068963 37587209 2511655 772389185 826400342 817480335 120125281 495189930 350272820 678852156 595387438 271610651 641212874 988512770 105989508 477783405 610853094 245667946 92133642 
~
1
497326703 
~
71
45931779 58150106 991156885 933029415 503168825 897101788 844370145 644141418 78396938 101769245 645891717 345340191 32760103 241106803 510366103 290319951 568381791 408475658 513690134 553373352 361044915 147346559 939316793 986002498 227669233 919803768 252150224 685003584 237241796 411870849 634002467 893645500 438775379 265043167 325791709 736062366 231714000 515103006 279758133 546159170 346497776 530490810 11545318 144499009 557942923 663307952 443079012 696117849 16017442 663423246 51119001 122246755 447930741 668894615 696567687 983551422 411426125 873110678 336658413 705174600 270032533 664425968 711455903 513451233 585492744 27039028 129453058 461232481 809248324 275654012 960153730 
~
29
213286615 245057188 935061435 94495853 360010077 919490483 983448591 171099548 922754098 397746050 654458600 161184684 546856898 986311591 312163142 347594600 278366025 922360368 335761339 669839044 901288696 595154464 458070173 141230976 131320786 208748424 19903848 147391738 328215103 
~
87
510290616 559873971 731015357 918514861 362649214 487061100 717053387 675955720 116134897 193529268 436267940 835191639 852908272 220971953 911201640 571213604 781027019 219206494 133024903 409547355 625085180 214072539 584409985 445042528 733581611 333104904 489812253 694595213 361631596 34763086 622576118 921810672 663740744 293225236 671706445 884059696 507329019 857065948 204390003 592711182 725752375 642107460 326274448 274574484 30432041 173822100 529650788 86437636 789877945 167974914 30588245 533061365 792148406 216468704 213264131 536714075 877136173 296338417 57830103 205919137 108245233 64497347 101324080 336703164 450493809 812754708 865701845 476779561 585902852 142887412 477612192 699530444 351157089 768249319 673915577 903239649 38056164 171465372 734789440 115022236 414269055 959581346 566820984 105828892 46076449 101450561 106566571 
~
24
470502098 253453343 256751188 869365987 8372035 374606708 516804538 228288551 527001547 385173098 66157275 739381798 184785808 901692666 725806641 475217997 787929747 109372433 142723729 557686578 782047723 118822689 936702581 625646963 
~
94
85804937 272688179 236112995 198431244 677635414 811555596 486972196 949678043 342211552 788174404 656614077 582629285 477167035 687011245 503701453 351051324 874557775 348432514 629591495 991682351 969229192 331660584 304012077 90754125 910846836 871998370 98597104 918921592 246092887 315760974 464122393 184028058 690455542 193747147 737423698 511684278 549884962 413774919 938991454 767325310 335626851 626114941 601913200 485711542 858447440 288468476 75602213 506361431 252489875 32981007 31118352 762145731 70955369 362903502 669089455 673510137 348740333 521337794 47144929 892246357 319875070 293843163 79245769 22600352 866257397 989939126 835351312 626278636 805332945 836506264 895040349 970326679 634920763 733185481 28655248 977810701 434484235 871311609 31584214 336174158 385787519 965885375 768323462 847726660 718987737 793780050 509902580 886434164 120956802 207987247 523159183 884932179 922324286 477253416 
~
13
108379444 697195677 755438379 574393398 555059183 930828628 126190880 180621093 589191337 424652760 54648512 719646637 952394946 
~
81
504304985 395707758 274213163 816553213 369142370 804702100 821782344 358274235 181234724 486158240 367287522 267199121 127352639 779850007 440331597 276765484 125500149 142120513 989398167 48565860 136747194 432668526 98559576 478877150 484746208 209580219 19125185 160278734 970740713 918146921 136433784 602441845 348512686 973030509 238261365 815637919 994690313 724736366 99799816 775069742 680317667 730798472 916864943 284417767 698724919 733611686 578128411 651006053 243350375 303874296 162087183 796616231 801767645 119825424 922537059 77594039 419583692 503306160 423966005 293613218 124728190 407880681 440346680 554334954 919409323 253962019 586491243 638308238 97648541 991125519 458538714 155963569 807866455 6862945 122460897 53853750 346001678 230879976 71060893 423909157 881450262 
~
31
826483009 526211009 435219366 92251623 1090498 281084412 849586749 207008400 131172352 820973075 195774605 962673849 147580010 90677336 61249893 724513375 885752424 135918139 619357288 12575714 652856935 29480458 691276589 623865075 459550738 97670126 477000057 209844713 785646024 52349661 30500157 
~
19
807539761 157629976 123154542 560049331 104110449 332109867 721241591 136042859 203401395 998151922 60999432 207929139 149509272 385268511 23309182 366796638 256061060 90836236 929047008 
~
4
182240337 744374619 306855912 14087816 
~
96
865233169 415452309 244206523 513921306 281425419 511338031 995954022 102854413 26765331 643667197 837979907 832983005 813414171 227348307 20325887 178893912 610818241 787397224 762441380 437393657 30369078 949046312 876612561 857107382 49344864 544695775 172907342 358500115 895295219 571965125 328582064 744698407 66193991 679065087 650874932 570748805 812110431 450423805 705023874 259721746 192558045 714799045 685508436 262914445 903852862 790140070 651193482 821191752 776610414 697125035 212010032 254062056 541766210 853927671 543286708 66516686 505195914 226521519 260092911 717982876 739240369 456195732 116515161 599487648 838913496 850912042 712172413 103192411 877020153 458113119 646869271 87221703 771198399 952796001 685641891 226245966 65518354 169076409 715963611 155859114 174181651 816065125 422210778 353087594 569974907 49024520 563593555 794197249 434290377 222178191 381045132 294739153 333544226 11196239 518183212 861903570 
~
44
315530531 42490149 998340365 534153126 862715604 796613230 765073073 342937225 549817636 786981820 291017601 895722553 734959362 175258828 140019477 268621172 410334776 565052604 787587805 386344800 874086067 35710270 817904650 960697289 584484509 724312018 978802819 275314726 216102886 138332912 671754166 442240992 674442465 85868016 769242611 3628378 616076847 743729558 820011032 559719034 839332599 121982280 70268989 769147733 
~
35
37227899 531915367 8310588 971468687 52976098 651926578 78218926 503907441 209763057 81499040 812016370 247433164 335294964 650385171 30527826 139372809 279827824 540669095 285341455 220507154 863048231 136394663 319584205 476940506 875141230 508558662 896001866 462864388 609807693 892563868 642514037 778083990 403162576 512254868 403323269 
~
30
831288053 552740643 520136409 96690857 210381252 826474872 306977352 343117402 112059492 693571694 96734379 767794921 843084587 816280216 695342628 404711915 334843684 570639553 186538211 22604264 214805180 989079529 725165355 5995436 310011850 742468706 720274646 144327376 271696819 295519962 
~
77
372670420 397272558 280044719 710639434 810822904 271368265 750711132 216408539 521792518 111505866 85328191 54735512 160317205 427385632 282061755 215251668 396490078 933318719 453673969 926038256 624047458 338625410 344930154 971116345 818716442 998517928 390083048 291563131 144486353 296954266 659950561 263631666 206908601 125491020 890151284 76080514 264060846 561805191 964622705 405620012 759692386 517035386 225016848 165419081 52828294 248204933 738939733 151808775 113264137 113447491 33828852 785686386 903923175 38900010 241522880 238119113 885394101 636011022 985605703 107193353 292026696 884689974 94315383 16714705 962244585 943968050 868319718 304919603 626636694 393461291 479454799 971639318 352306399 928233566 900529135 190901098 28842068 
~
78
586302532 57504668 661169605 228191763 934152427 814119472 4943754 171095774 986204006 14406505 822565279 12890078 979620724 917376192 307810835 170173371 385005883 308519769 370429606 923886311 24463563 63369787 153599761 463680785 755374878 88947962 99927142 750207400 33606872 926120766 655932557 320365045 465119024 105365454 608716819 218456091 823539591 331574954 171519129 246671799 43031086 425831588 940307546 443545749 155610704 681098065 287797558 63959365 810297004 800799806 234795257 547289014 391329364 370300179 474800443 972311925 935022755 924395679 347599539 212318274 828491430 865565525 767860661 78993078 781496513 13741232 916354756 35752471 730683119 340599926 59491907 111492530 897368671 524912702 46341697 790787159 14602604 409764839 
~
79
477082227 608350570 533747000 933326657 182933327 970210993 290203137 843031053 844558050 308351089 41943368 504174920 295229952 843309586 884572473 787387521 861566286 616058184 48071792 577350513 297480282 101405687 473439254 634793792 341017984 500741117 263797064 322457777 155622524 736368257 681071476 137217259 527337250 366117744 207345339 512022531 628630048 36536846 932603285 772624172 144438051 59278872 58844153 745845437 220526355 339537870 263741374 780181639 830046989 335972292 514360419 96871669 843103547 244100243 573704535 267928843 91363370 939208984 295829276 454400120 702127846 471147023 957060850 273122868 428866210 737657854 600299128 925746977 380738123 571168523 519113682 279227474 911322179 696794428 109856536 315630517 759453958 6575573 262077008 
~
51
533579172 824755459 314795869 596460132 215683940 990441121 634236923 402953931 584672586 256594729 577088289 277811099 217436774 698567316 190005167 82429185 618893459 689882188 734303933 883774800 324263298 183678634 139054154 233608349 636817029 493414555 159722767 644233309 643671789 517246253 845974520 125905547 85649601 190928872 141978180 242413680 948731627 42755180 508509300 900103462 344606968 954061670 745707120 542873415 3492034 162556541 470584807 695255693 390285737 935248785 52698114 
~
4
163389899 899687290 862238469 84085276 
~
20
421023770 179985759 822395411 722008140 160802626 767294975 846339630 318440919 529265600 125900493 846498371 375757997 812947227 995784281 680118162 792592105 303321146 780428251 704206566 879390424 
~
30
25656479 243031424 978825284 620901527 512940888 927794181 452523305 394773138 253391568 77229251 987808226 406882831 429828258 883058504 960876800 883965824 129270661 579857811 973235694 302203860 969586611 718348498 763448734 702177983 854328632 251468518 22446019 209431908 414211768 797958050 
~
2
525552689 636981785 
~
79
745678888 858404277 276042326 747857698 746176763 215666565 887716830 545855489 121927034 392865382 357130402 368051231 277909715 293787949 358670926 386335223 163867151 479772539 816735136 585372041 124539534 914789461 942376489 126769104 975800425 814799998 893249499 126033825 760007658 633972488 806727295 236112176 414407704 653783114 391030845 407584835 731546725 992639691 106232033 992162823 567584453 503068146 51529903 502104364 610035711 775335972 667618167 247343049 301421152 2243584 144192006 717030438 757884509 630952942 363490445 251803751 904267860 266368667 75111294 59537251 227434503 441761728 86217716 978577973 735792426 139298718 404370445 869131990 176441999 468151139 864851519 630012660 234610115 172435896 439750920 516795165 517212416 59716705 134575208 
~
60
538210759 358555951 442940989 688476819 794989882 838735245 872585781 134260357 105064119 825751229 135488310 218960221 360877465 302954754 575700988 497293657 388927109 987074240 414604988 491469147 980520027 72941163 711077678 519087922 171381824 705314333 513057424 80037686 774744635 628627514 556341778 899387995 615372983 372073252 237968744 705328516 643402537 137400382 941599746 640174030 83120893 556545397 289682033 212740831 949213043 102687076 767525426 826825825 191165775 528640652 77394318 882590735 163125263 629276741 807552501 812058805 945204393 183190693 947275637 728154303 
~
48
210608922 272525031 313255113 870857999 985702525 194565035 143686960 451916006 301248018 558711357 912047123 251516193 532285070 114187491 106068513 597063679 663599168 709549131 753489627 658005357 160905342 737028908 895334719 69027351 426568775 507089618 750118357 653041143 791125727 716827395 884658094 85360311 71341754 590238451 352493133 83973780 454018536 274798275 610061980 854116038 714942167 757252280 666997071 593252771 464064684 723272092 223672858 486201858 
~
93
655297946 129578082 698731657 169005768 702847708 272320271 120106603 695564069 932873871 13239442 423242330 227958558 934266541 689114116 2816339 373950165 217483675 204939216 132445400 762796738 162414255 711928854 819853427 575230348 926867967 132669602 221159232 33582912 252108313 294099693 809928527 269308130 480686231 429950454 360727790 6042568 797144724 783990950 757106005 108354209 865723626 617249860 109520212 401026515 285359527 668331347 905102117 494129763 348216553 915669884 414811767 232956812 587333052 760671069 422476798 846738947 757998238 420899728 398188339 858968607 256042460 507472720 232254610 245222671 75136024 319205464 119746088 36187191 887480239 292783817 737542162 236303522 289379017 780360736 610718605 996472339 644617197 281170667 566409334 514159615 612510353 430448254 811185798 765006468 732165767 544620190 282260204 243544799 292191785 241481909 694649590 442460355 427073089 
~
45
184820092 897419112 678705335 887604945 776070980 900783033 431582005 12055595 852695797 917579167 406433072 446726308 84867033 202096017 565067593 162244645 388787811 413176429 89423644 791107632 200634140 565003219 483173661 288219555 516166336 576053616 361342997 913116636 336073388 843745245 589908914 306887506 822428140 41471861 47350214 230873349 684806060 897181775 894132289 57050902 240348943 853407495 44803004 844640504 739986313 
~
7
667408852 320130763 973251787 958752748 782783511 436666731 83547082 
~
5
94116720 426327861 538655628 277094853 242713550 
~
92
743531761 280948101 273335605 199077170 995269917 170797334 71342218 270299293 370531852 710424997 162130831 386081723 572675806 347301455 62850063 338222668 973274791 887524097 880712621 292533076 732854883 468813770 468745823 546822021 850369516 452118653 833005065 262604654 161523326 205391754 758572095 44395426 843630982 208079731 445477275 868677914 426717537 591875243 51602711 259592887 810102394 134078220 33606524 37630581 947578497 355988886 593461472 236851705 646026810 974402225 350613492 390878749 126029173 703043827 801306369 264529892 709343735 350828389 193733634 449911677 41642862 610764215 6405054 183661914 696457265 450169463 867572082 549276402 316035838 360256790 613301818 84044430 346024089 824563931 144873191 431508285 651463044 153970916 567962109 220468773 549571972 313039992 72303166 380222551 161023965 428890854 550663883 50189100 203427051 936536013 121879936 567291980 
~
95
104078241 931645971 473964590 927186295 504627954 886471106 751862512 905695311 412246296 602455955 808101279 910058066 217495121 84815289 504763616 770515788 178414637 45433914 8573896 169182346 156618604 816382062 168688896 596074775 723437259 400803335 370374482 892345381 573833307 422498541 585696786 995703619 942174909 927503844 568139773 340754484 390292334 346761085 579057249 740755247 884882916 891164653 372229989 365212537 315430932 229872005 883365323 202570990 667613977 713352031 369870728 944817852 983346721 308899441 757113982 494900868 80827335 624427103 652171563 666757625 358372252 25827967 432100882 42605297 263005308 852004783 19509360 689563162 280078981 844049518 392984060 587407155 740816471 348953483 450311223 331586083 482255964 251638867 369092147 183178495 252284967 670206902 592156382 956400143 142163820 968164509 857508915 223187601 983937972 363499219 256011603 407877715 858184655 223762808 815342624 
~
44
471394359 338922152 10468018 494235404 805138023 263304220 143229406 294371569 426654861 673268051 94242240 878198506 302650596 553215323 700836024 644918481 172263171 566289616 159921530 242701100 891779620 772910690 844965307 222652689 940205226 252887615 619316586 863214944 255135220 319400461 356399792 136420082 318816270 348965492 991156919 98723029 538297620 550174061 558996197 153977074 396650285 336629528 33587922 151050341 
~
65
598635540 815665370 334635542 104928583 368059279 281526556 49214434 467369481 892587657 713415926 210292261 543312793 219660615 576828305 579949228 423458407 506340086 610002369 571074778 722633826 71222137 842882706 9087692 363565258 457448717 359052209 454830478 934427297 373198223 78216524 881146725 835072521 223843980 20320737 47751094 386876295 151140833 792136558 664204416 910665524 82855445 332202002 663329916 924742864 210357809 35318721 703582172 395685358 527486801 346167233 945460735 713838878 569385804 673605345 550969220 243147364 309000764 731999942 921900019 107209281 720619514 704240103 81125990 317805114 678640075 
~
19
613685474 728244724 385237271 221245045 133258246 727367040 154857385 665765720 518841063 663013272 419053996 637865178 969548484 692065125 599473883 256068101 435175331 741393791 658647268 
~
31
151733449 944353448 249681632 263358766 368483368 279035519 464850890 575231217 754206804 566200848 238034272 440151198 208701947 285161672 403832724 943870151 745258239 815249255 392971118 544497359 177624680 397962695 169967634 189208041 957569271 822504027 446464090 844069058 917044074 536324405 142347706 
~
98
516241068 246336192 230215670 363740512 987712840 807577755 564077993 110008491 449624894 18933476 284119631 966606846 770310834 32846869 240023392 280916673 173260788 261286273 738911634 181059220 272149255 194117094 295733216 454924713 932109539 927279746 29061725 989689036 420837132 911234017 608529501 423134779 592387170 537225433 132705035 751661097 414330162 702527398 836854972 860393334 273776580 841373097 897191802 218600621 449503320 18083450 426281553 659665656 685861555 95066912 859028254 323079437 128578931 919434878 985959120 157036961 907467960 475504086 758801206 215293590 462673225 516199313 101618132 255051833 480276182 399444775 540169926 346982492 248385475 713179789 407905589 782812514 112519953 776262767 341647152 96877715 299066250 88200511 74481227 967156568 579473510 807619625 850609488 5544769 188251219 702280284 592713719 956082585 92611494 413029630 926299537 479889188 40891653 889938488 874351210 106442576 903244241 229585166 
~
99
982127964 508122208 275681456 157531183 295655144 421430989 882791436 491165734 71814346 314520194 757630249 706643074 799798708 833725166 678310352 702234087 505295054 450032842 363342287 850921603 498421664 939309820 389044949 718335002 660445557 78993494 171692745 17549235 730144888 676319386 84060395 294716373 906811545 859270623 257778878 697422981 722662433 949147603 710934973 662672644 525029711 555554520 282096432 966879769 962809256 184851100 802256012 770295670 598415034 796104491 663206446 260805312 610689191 21836756 107953943 900545767 808663339 8622457 790704710 452868627 117181052 882665914 590695627 374587697 614473030 931887505 153492485 218122191 452537456 201324194 759586707 84942475 111933087 444391735 139549443 805974531 971044720 477880684 961086587 340362124 604444345 254105549 375811159 512712169 749279630 267939599 775743625 342835433 193493042 241189548 106006437 399344769 492233317 768053880 837327654 131098881 648703102 89150983 694432705 
~
45
92985242 999906913 910868338 191327779 438373242 193928044 203390558 362940567 492292949 934984940 646288108 918962490 651194120 442802528 471731585 340716146 276554727 302476915 181415588 868758587 67853265 347176489 939773730 777887450 978019153 625959233 455084654 731268224 235285461 944667737 128814437 818688919 300660171 758723882 373993792 644214523 444956489 434458008 248345024 901574406 287531999 7537762 34685229 517853408 78071904 
~
15
937064484 239252817 366122534 38632949 294103376 438832446 802589858 154544779 861196633 260830112 688381633 181409553 592142795 965383578 935450750 
~
91
782289952 638485324 179614966 548548887 459310932 886180225 647604623 36947705 35813282 753815615 522375757 809696647 763638499 226920609 227748553 313305235 61231705 702505565 906166764 729326608 244725906 966149927 293515724 367813487 446112345 227910659 844908425 594427357 48681939 212427838 269193978 496717749 921343850 668456969 267084882 334928840 767780686 983963396 588311435 850331400 223459079 111775696 506255888 702554614 369930792 929647161 506416716 479117917 198249807 444428083 354733066 717644749 90530204 738017268 278457915 258807760 522713227 905745313 171524857 35336180 487986097 620568311 807676884 856083492 952899566 60080941 775656683 827822866 935152116 266271948 539682350 981783224 326778049 842197721 118594795 467228000 362409922 79824256 979795106 709741046 42100360 120392511 621573700 920136592 961385783 884407395 311223137 826235090 183222673 39028327 624297109 
~
53
25115648 594985212 133234670 207588835 963262671 724108540 155581262 462905334 890646829 607969926 50813368 936879051 678841578 541348965 15523243 818254642 760740720 880905941 563291220 196395351 293903482 540091169 13553601 934740932 463379296 78765390 782661164 353858244 425610981 844388125 103519494 224691896 829982391 868188911 847825001 442903745 425586795 785754810 189689674 997051076 393564453 738132518 317841037 475188031 339772322 390183362 768723894 115470760 455803558 116426970 902568622 93525619 191088390 
~
34
892805143 897281696 701207772 561461717 436084723 742605163 678708375 817938705 234576607 27356943 152993718 986534572 854228316 521019125 284489069 810677824 485806537 976235678 85858020 148717547 841623852 435052650 590758137 905986752 675058364 257780991 982964645 430544059 940605995 752661619 64777055 559949677 655738818 295104124 
~
65
912446382 20206781 576447599 535900431 77310659 137840249 423157467 776599449 787981617 578360533 556456226 710609124 325599781 220461886 478864177 587244773 268625412 384956853 882391248 371945596 45842833 205327602 464830712 359262182 171364609 419158616 682715999 660610073 991823783 548922277 831618797 249183760 597636688 777690202 458256856 114606129 299095260 983899478 264581214 177860236 17273196 407696854 593370470 598337265 195346021 174291042 741107679 98148086 795583024 137106654 452336576 532740620 229449622 846076572 380183779 209039979 995172882 989487735 715237075 54273866 955734715 682520233 818975284 536644837 284983225 
~
62
389069601 204245791 777929392 498019328 401467298 938493040 71806041 34679075 620524703 71094964 439558162 677274935 238774239 209066361 88039431 139839398 795448587 591687111 875516399 593696961 145148511 595289847 648586281 526340071 268107314 572631480 645616041 465005871 544293197 163721987 48400380 102791667 372026220 766895552 286553780 516732531 412212465 930345401 117250582 138331062 120218221 181667649 440931813 178824234 201952914 812637199 602482807 865259846 183543706 518738954 969539593 899585754 896888904 550577888 862479326 664075557 897196313 483866497 708057157 82710238 717454735 360233959 
~
30
186741298 86621536 797524946 609114124 993158854 345445936 732981263 140204917 524074125 131818693 152935964 70648776 107440887 541231638 424491339 438607874 653840126 420721291 494681525 776801700 522519102 413795107 797408458 643175199 404922594 348222327 994494069 366587261 713777698 879553944 
~
44
308248086 470483001 99400086 160950562 134392672 413133866 746553770 340353022 732453903 947307338 438129945 838123218 492730903 235328936 388344531 304215689 5591534 198391212 193756469 839566305 393940610 93088558 423367095 99906696 343498361 770118303 168129773 501530535 883925372 303586901 868847116 963157752 157301259 437571950 392902953 228132404 707178093 335015782 904565878 229581755 492138180 73813901 640665822 603346999 
~
27
860839953 560459819 21317766 297881981 408245790 384530297 155739363 562994192 217009820 110041205 164181515 519027455 778026350 674648725 321757186 531453112 595817782 27376578 42570202 888809226 556750754 704400727 384921396 289703113 351345046 37627351 871238084 
~
1
573394694 
~
42
92581831 882519770 404497529 508795700 292007850 620527306 34734001 963769227 212949030 791638453 231025186 700222598 439496951 936785558 848768958 681320752 566357103 405639388 796822945 362218643 53296118 293805338 358616019 463138327 128397576 15879164 477158023 475962738 111057009 88496518 917835954 662174364 775845786 363900744 238549646 578031776 599070698 870290001 24962733 205774627 562816366 40250330 
~
37
283270024 600022383 209132687 547708346 168140719 747584726 382580702 9358868 201204527 871032209 661220876 888098135 666178348 808266895 943189777 309459048 163423368 746878799 974582532 864449124 509670988 10321183 575074271 483003844 644480339 81118997 652915824 250213093 752162620 791205177 47448045 173789058 348953149 243319035 95301674 711485381 14525930 
~
73
689494100 953101249 234735905 59513456 831806169 369071539 444988928 791758648 638473230 924361789 909317902 397815488 108384758 572118926 525129562 639420665 669144050 864239974 201253704 934425697 433412542 883355992 495200818 863971557 33311018 275279952 148897016 790249833 731766156 223851860 678193481 891483608 426705768 853060454 263653682 527486390 913529154 749419299 353895017 182348463 659872483 78073095 352634951 217126631 663266877 849144771 728881200 550129307 33329575 675151111 759466246 138476840 303545893 984165585 559521459 583587581 754204271 618339581 734997486 468477297 982798873 400340476 775731536 960328724 992723360 65728698 881136493 798490745 473259209 96051547 515970810 79941263 441182150 
~
52
399408592 883381057 416509126 880423351 93448915 502669317 27468357 499031203 762592447 395243464 871613901 57541701 267568056 471942076 842828346 613585440 973730051 347430656 449022602 413428676 816723564 700043520 935486730 709959123 418061874 213485346 66247998 824072173 935834272 84149685 854534142 102463245 791912859 718329419 895590262 572860213 657834953 576978784 43442786 259702811 218038282 361838311 90401236 703937918 905131145 392513962 318722468 295906647 204048009 50169489 387845619 318874730 
~
36
409622605 505726246 629276521 643912174 710730823 662425714 690753083 56548235 184250032 922653458 451732360 394781897 281439047 108402885 377442948 495144293 213877196 950896548 420268666 523549781 846843665 787890598 112291765 187105389 305101977 28097139 812810910 427959932 277599151 192572462 873400110 204284336 550346696 186049286 694513554 15601921 
~
53
468396689 516035178 194659629 806350498 790891005 999094007 668799895 819413823 265177898 110602326 230733198 856303761 152893805 548469791 362430037 163976689 261211212 631997142 49954710 519391742 684474998 284446581 767319453 867905936 477946054 949457599 82436333 837863418 909772278 149164990 777712915 663116186 580037763 986677112 805877811 93083469 47479577 489903495 265001771 220456937 751664031 390985243 999864559 672141846 231315389 414012330 906819045 984157392 741192015 831612599 412535655 591754091 679838215 
~
36
326459140 546321559 53959246 950827292 489596315 659531982 336558483 330981825 97580289 153670395 324499306 848029250 326835115 979644611 264461714 59661017 104006826 368253358 397455377 30408045 174369033 469586980 951616564 674739403 784254295 537916485 629754480 973022275 402612676 216208581 781646564 982205675 75937534 582814745 136790623 67193454 
~
82
709609904 109050590 335304015 973380988 873516039 614829131 148391288 996647808 936276241 659295594 455070843 92282313 524798420 958595957 882637010 874299566 575200323 45864893 240415769 863710934 241991393 26751870 654985261 73118816 84271844 9504786 869064740 105677904 574364025 599606066 651670594 438506082 233938841 670640089 710285779 745377473 419609375 602573397 900054502 650521038 463928187 172984423 220484190 95807452 614850457 144205315 402478324 451658947 19669332 97977779 292874081 95144717 645178392 463290186 937717357 760375802 238996472 930769438 169530151 121118212 165746984 261547512 432720133 457041397 181194120 36791209 515172049 493671637 276575128 151035990 356321858 170285938 841534012 818274169 220407942 339536836 734645661 250564386 31075337 632013612 536105946 968372804 
~
40
134146239 45511005 378295560 817128396 86852652 941092040 186603069 606472960 70669832 287600530 638569324 378926845 315380185 920859214 455582985 577068627 591589856 27745331 126182285 486457443 623598128 723251533 911666366 747092880 402125269 483678340 575314013 906303350 383365516 289282189 339901439 723943420 439753462 579269267 363627112 733571930 314184313 675792864 20770502 548116196 
~
53
602392177 838838375 117250656 740063266 372868020 552512122 844247494 264502803 105021132 544737911 277990640 641105602 824752961 181211334 511991294 236096341 126296232 94295258 33995959 527724412 46139663 931463347 371850311 83598147 318212288 898050586 691716442 861896595 14577642 30754905 947800038 246325017 5585911 615345507 812520481 683069823 611964371 490907220 151377635 292093180 751155690 811469882 595492796 108972367 572194110 103704225 870014217 853331788 34605360 891903368 949980031 623024259 73057785 
~
81
614955440 929877158 249618123 290570578 137619107 73303314 293592020 539009164 874010544 18293765 746693114 924999677 112129180 183436706 100311944 942948478 849397958 492102702 129862629 89745884 274545262 595635232 31562271 564379334 920743717 180122591 32035420 353651248 770807059 25081401 372152730 69576326 936769856 723606552 317287620 611064790 979374201 204611921 592851823 191754721 826510149 720641424 678110796 723533932 728438917 122163332 365881714 765132094 614069276 921135690 909258731 560697876 904546998 269385037 540878633 980234534 428383314 964988624 663880395 652791181 900084498 326298089 884177206 537320201 142504470 75689920 286754314 471190679 77332658 148280726 770095561 446553822 445397914 998794260 806220989 35613576 382666746 464938132 734551383 940041372 356074312 
~
70
209330661 812406143 373966445 463302805 180306011 656902011 37242088 359039185 44300592 379839739 662109823 74469949 107776963 280041364 18634993 291500862 516351734 761187869 127860814 593569870 755105602 113400158 547781563 331942386 810846783 846702952 5147099 434277085 359011478 979453305 4832082 651070055 685450541 23061945 332434296 449076389 885650424 63755770 234490702 464987032 154609442 310908165 270815960 468813887 274517632 503947210 474141277 287887592 211187438 624803533 772549594 171469972 529223794 413509397 166372317 391791557 491475969 785826673 395771269 844001065 635008637 943484153 851132384 152778962 887378673 751896912 853326403 472544967 982442106 310002530 
~
86
867283667 41913069 504408015 286138391 935548655 199979353 426129152 64027578 591439016 893144160 401059997 686567419 610861827 106752445 66861635 883799100 424012493 595620492 699922466 172559189 888884433 244524878 283218712 934126058 40293409 501690904 261381514 949086966 806374300 89940133 157022662 791903748 568420276 122074238 34253194 605663501 405079440 497876014 669352834 498725211 140305918 247623610 595801470 208059585 440824281 223308576 146301246 555395148 596810779 132450170 372835596 797911580 831738774 829099694 207504167 467350244 190713264 6765973 140374436 677904306 722287139 173456818 433373317 652607730 578901879 705569489 756232453 609420758 621700234 563133390 372364134 868485656 193050428 393046075 655111696 639802682 745421913 47154834 533792021 462134617 833305539 391863910 193916378 10892576 314992090 924230043 
~
87
445374764 344539005 263717207 344458992 131544513 844286976 758722915 914807185 950329081 499332236 595130050 404646615 170736375 208124202 635143895 115864937 173251121 455416724 197761604 962211850 206696551 856644982 17608232 649849172 111766657 621815082 663996565 485608353 578106283 608204161 741330692 230735732 388036276 976257312 96342811 792877416 687532372 143297888 913003182 134793368 4904148 873860186 114634496 330405231 987353207 872230598 474130781 489623837 481621200 178025230 734494073 599344169 245314329 47428366 386541963 19633251 378431249 961885261 196484647 638700902 260302352 535293420 116805903 440364029 390388754 332129148 273583462 740904163 564747422 320315490 688341980 943868361 388853410 775902309 365082575 522292425 942216237 123405003 230794558 335674543 471852445 319546878 471339877 623550474 159141530 716060172 253300242 
~
89
177504571 957827037 51182067 961392703 339428272 253728860 251798837 71393845 652256935 481290805 915495864 240793738 745670169 223281082 96807079 810830859 380816886 578459915 600280332 900744475 511347346 563321948 72096018 553950434 262117258 938413725 511015293 852340894 224529889 111115142 555082594 61142695 820280543 640858393 900651720 424329571 689689543 378182011 550108203 108998782 907139217 332214261 891648241 578642005 366249405 619717552 574713818 872350222 883911152 984517103 452387999 680102565 729143999 828109877 634176716 17428396 44746818 570105749 900270178 579273057 371573676 337057693 141475767 428598393 231339503 618261398 457720245 861956654 938640241 38507192 643453033 402192723 391493865 602341588 564600188 142473852 286425538 335048275 56542298 827939153 742963152 76978789 411711112 847641540 792235659 291651070 186889356 111150675 326277337 
~
14
521228115 858177828 777628964 636457523 327730835 446030271 133158582 674837390 258876318 782159572 274420083 678751963 801318243 470311112 
~
93
776040423 840945944 688891617 262149326 180950192 445687209 667765797 822039854 687782533 130446468 679964477 140412333 521023888 474586730 738336824 531194236 272855576 314578174 581144125 538288986 693951845 909226960 978902193 832218336 75520766 857005512 749313732 217616529 198048780 168296081 310066596 64434880 349245502 279951952 874146182 400115994 787873697 789599428 353028316 138673876 629101256 224129914 943684346 270241199 159779981 671560018 926618313 133493471 886437031 916029412 881600983 733025272 792441416 15704600 896243818 59370462 399747019 995537401 91141688 702053663 365267716 28284675 322651442 398992773 459257550 249704119 616019886 275558572 64420660 133611408 932472852 298095725 837597033 139790660 2343555 496609365 443323042 220968740 115259491 307168777 10893775 491904934 785586805 280474953 896693783 870659286 796532337 321646396 19162589 855342622 555064786 330736969 490959045 
~
80
691359011 71617365 368895618 439928998 419018537 612072889 479288324 55032196 830468787 103099434 41119163 585236715 855831726 842258668 609983082 728464288 536667505 197368241 547774719 851356113 864312376 837825852 273019476 403765610 93856629 781022335 115174301 23367080 204671851 735035239 350209486 769793322 369278308 161501167 513836932 750009075 668300176 627045746 923342051 642801157 226004008 617532275 1520657 767466920 885880162 370915495 599368591 996963441 277814872 496004282 274173931 858788183 552951969 843565531 115543966 435933937 452057997 562579798 334697064 874021024 92244728 15352427 170041258 621157335 953309163 156611667 110349192 97840272 196730082 331364547 304400427 319736876 1421795 336205705 237191249 305950166 712705041 781600154 624113458 399384395 
~
19
990671162 380471556 40082822 409046702 930006359 12814795 760554721 939403736 6094787 297788831 130503754 26191227 895372775 125416230 954064714 284624943 546603443 626978360 37141541 
~
8
122783124 606885410 520918647 239843287 351989811 57238962 875425985 530721995 
~
35
161234343 211369000 95654062 213167395 250191778 391272265 423828544 551369610 42101804 35448140 609081370 613652780 185846656 681700798 614952462 138682884 223079049 99808600 225489336 946224690 660451857 971558712 554881734 305486057 318507706 273236262 822055016 492789566 119554775 980975322 551807758 745874641 516761755 939928313 934855953 
~
14
327192365 73630675 101876780 481369570 459509195 861004954 141309060 797793840 224681030 688144430 547349531 768692429 521051682 720147032 
~
87
680061978 879962111 408498461 268182619 448709763 592216145 292724704 599508620 213269118 200181833 545619507 236090571 997463821 184203691 101500669 217240112 608903190 784923509 475922416 479115092 750025272 715568033 797080982 579103843 354212356 151342425 584856153 496419603 894839189 937607745 893836937 229688482 106831221 289431749 532687253 202403809 21912759 229083658 680341718 58577411 186360648 192860281 970507375 648231048 204710567 352803166 216626353 225302463 574582876 263983952 943253852 230198514 906077570 824346422 623662301 956313178 865396696 757224614 830791623 22714332 240228920 179843786 487178451 948056279 797982458 255319781 668811578 585348844 517580725 599889368 684026125 349060894 172092854 347081959 457931495 830541864 288719121 581629673 83613336 368413676 137076974 970376737 243326972 737649035 188605479 616098576 569674338 
~
23
672170313 282546981 964125989 5736712 654721419 122965097 3697003 268477949 586676653 818808298 845814717 128499149 501897997 860552691 502878480 499525956 671878952 587611744 149747060 195690614 802850345 325782175 751190503 
~
66
156259644 4610888 204681020 689211891 664984504 604535295 618081556 929972522 602574315 710016283 92986901 41253464 392231705 940751328 725678863 534546529 745360123 943952830 658678333 821965910 619078892 399242525 716790203 665205988 807849282 88407631 406427894 934651902 388074483 77200174 305393652 386026765 5529155 606082383 179845493 956152124 975632437 808432395 539388960 114561910 556136492 63776030 260005679 450967374 328730778 569386647 246395892 958560479 397148536 977661875 572736354 484318978 480189603 538510658 392289338 553042652 129421929 657031522 923009585 833485762 3532627 380103857 960332028 889542857 651702217 630760968 
~
58
716182045 259335064 188243733 243646919 943239771 211021527 276150468 8383770 592475956 270143981 206016496 220916187 61014409 250755412 405813977 585483415 282646335 681511559 796349024 244618003 140587439 992105438 430549136 758853233 72612623 1466574 215975886 323054716 601488966 892196231 516847440 941815809 267193699 399327243 513367522 412099598 6457623 210632622 929320506 214821475 787332623 333453280 286517530 452267238 233666122 574845880 2697674 373279437 248356043 112616366 665803324 834689917 583683474 531171380 210054590 346778254 801479353 488986759 
~
34
674917603 380821100 421476965 420809174 203508306 821835379 539174012 238947696 532155363 463909612 108020580 686311412 779958481 501283419 141371161 549322549 355975804 151660038 577481000 237654147 199183092 395812589 832258389 321416658 41973628 338155692 556614774 802833609 966659181 371464856 503298306 194717924 233019036 234408174 
~
64
304386537 220390885 672604251 545484329 481477612 699645452 206554024 600925349 351947411 719668723 522666126 156935220 578961309 292087425 851501823 526462106 538145242 202197234 923797659 917665233 280176282 708706026 488528898 433093941 328725394 986135364 789495949 20605538 543114480 934273484 50902067 132247293 175607941 881080451 551141606 38715194 337862187 25058210 386659863 621248714 116323910 440594177 239971622 648070 346758228 4922487 486542737 278188663 457877853 549573731 257175936 463007358 94271342 404112349 913435793 413221177 109328087 959761872 135335463 341689139 361014125 510509240 77003967 564454102 
~
62
247526901 940736338 728957925 861749142 702507913 6506179 640286243 185951192 257119115 170283151 874880000 960224933 552835960 133901877 902803543 29723476 69229844 97566470 43483688 492749477 714015065 997956638 574567667 733818679 438219097 601196803 451266934 291888764 528067348 204683957 612438284 162023843 522592715 943081924 847134284 663478404 457748727 297874754 10019326 387951882 188883299 829156090 255087638 365242650 671295327 343810092 843840147 693346359 107469050 492532155 460893290 532996711 649528417 356748197 186894091 134551200 672859557 34429947 526994202 366878138 138065547 62701434 
~
67
351844505 149626396 419191055 240210598 407993071 387260016 97232872 885512949 155071777 798421539 274030102 885446249 981237059 357473073 137290838 637652444 287471442 662089150 298526392 119370200 478113897 914078872 723733797 624950286 707741573 842693726 780406925 305032792 968510495 75734367 590755543 450891707 83344440 429470524 773462330 241226826 307743815 683104062 884612196 17390927 347475469 16083386 524948889 612638509 128788363 182030709 347916223 176020545 603962123 764662049 55322347 694096552 458347065 726076036 583701940 714122091 113553423 231559144 222406883 402937181 283962072 9746733 536942113 93850505 103058130 78929575 256494377 
~
64
636520641 812371327 841438767 853567863 293694107 698085228 77712651 261360454 773698328 728087008 789317723 829767026 156170415 871260724 905192820 275132168 305686413 805314924 583657764 465730905 205645334 155108597 696964616 654681637 442801575 435866492 14889847 131606733 379831463 204498570 96439241 845484976 127645355 247613591 703254578 116237411 213484460 131731766 202543611 320158681 454537032 130009356 406857045 990647864 84825589 232163876 955791431 253534309 274296365 822676536 264436337 418207815 310289547 986559116 853187406 489405686 596088854 335402887 787430740 981109357 197534756 800306525 916853569 284155565 
~
79
182968776 106675122 210408692 251329608 779855792 736145590 908384358 970818599 246626431 742565154 591138191 747660557 364101596 311379507 489328382 31550691 202899902 584951024 644694974 312357739 217525025 644269603 2321607 954860816 398670148 917504255 706710400 220857550 989127374 244289149 490586984 642071963 590536648 115793618 576461102 363138228 925983082 189640964 152142597 764120035 206817911 313705895 751187711 81059871 464054176 379176226 975150787 340197618 936526659 404850845 367129719 924126064 459185214 363113359 10128150 881108460 746222960 651248795 224163596 508682106 943524043 151289167 974147403 247690780 116870452 79216305 393218954 567954541 940786677 574417861 432063148 739922267 253812427 591454480 182164041 793274063 176665906 497827999 858673115 
~
16
834782321 629534222 724519201 56372476 228503710 577268130 582054841 301959526 45076624 865028790 73755492 825462177 560768027 981121873 691187765 188128347 
~
63
997804738 793909018 725300670 120850068 968046994 405825309 595162944 769151350 640525979 61684932 415789469 264020135 950226460 772728513 971672615 978403595 588202301 292832750 395744634 495776388 271786154 736543666 60545333 797180204 141652380 713523292 433967869 240314286 601436731 508366246 271914741 271704699 87042934 982212958 930329007 912272095 555606130 333369619 230283885 17301575 446194064 107855164 100310667 909294076 434149393 366780871 555380811 246274064 400899690 703469266 570232921 419563051 660365526 968644183 329342932 483085977 122684163 66546606 861009980 234200415 739937896 96595764 768251542 
~
63
124090419 889195424 979770918 328719122 415047028 926406796 428546568 361029438 211665632 269309700 527101308 652172402 674640971 641747964 660382256 370924808 115498466 163212438 820703862 978439546 921271064 378784223 577406236 562940814 671627138 531245640 693194205 451064185 578017243 455989585 481212951 228439114 12282683 2755761 856715509 419901832 211338799 896610556 548852272 916481449 574085613 4829 481307 198464170 173831883 900714882 372201736 881209586 588621608 902089006 177227927 209186455 900943443 118888408 571008108 961971973 161380270 566208408 721643267 530432053 515707945 819921504 992966575 
~
95
250102554 512743175 531636148 315086074 566977546 531864233 930010731 104844610 733910504 976529992 345375192 115866656 763704995 812700617 160963817 823051215 657060267 312949751 322667309 212061965 72459214 191705628 896389243 156446385 16046429 401209769 582631648 179061694 916756276 567803172 638882606 327787509 976869919 519314732 342793709 933183772 758814231 581874432 123546062 426435462 733828360 854646810 359046114 145975155 266914361 642642879 16733328 504537053 424148936 998977786 572729225 125981442 724033108 267238861 289876504 137751831 478124794 552549223 304521882 460229647 796181928 636595890 745804678 56860767 974631484 497485889 198571182 27291544 320904721 205244833 484057229 231832262 335419183 88553761 986770319 926927914 677485767 571089926 267182695 489755279 671960175 419847717 886885702 653648091 211741983 301564791 853589419 297550915 272390376 584147277 971264785 388262418 419292619 396848377 400462790 
~
75
544744847 46459817 131154364 450207978 974999278 686597032 290348400 998745183 317492534 151398478 276900107 794007767 755609205 217365206 595486548 401826344 27763770 842307113 474293622 504939907 18556149 634870958 105780331 84888587 118262728 141601466 730125637 167719882 949159370 531976824 685828907 7510762 599556892 820479277 492851583 246337526 940706935 240710205 42152385 397098757 475438049 837355219 986711571 147589739 298991474 237271788 639728592 858496958 993191411 128643299 914694463 747322140 525827943 30035866 967493702 97052573 880094426 289918684 468759489 100640951 142548389 149966939 79830251 74105259 505154460 984323976 599632907 294558951 17254381 285914862 776786651 540831914 765303330 873163177 692514385 
~
68
979124410 428974151 467084174 154789608 647267729 795216860 39042602 418600624 228166887 2332673 974411194 580583607 904733688 483022231 917358149 215196638 654516857 598498336 99774739 954763417 118670512 139872644 82249575 192330715 420290154 802551881 603975185 939768357 474219045 189743776 410209795 184120550 546630001 847306611 677378142 477535865 916441108 277126944 864665523 702604657 773876494 807131889 702786021 337776463 572687626 980033697 255621298 394586502 130582261 726957441 873244108 267791874 719934631 316393651 375414654 453381607 568651816 550470125 901112416 214305419 751458762 666671791 284096272 2828953 723372638 218033032 368557457 365714712 
~
1
740496416 
~
45
181477083 214116591 885751315 539347299 562529426 283372361 580838576 794172702 437985472 640564784 942264960 252660330 589714749 355166505 167808774 911578180 739283430 582727528 745486761 709694981 470394812 784288873 603686201 503004545 921037450 248723197 233092030 241673838 248520683 35718652 104169607 51010521 984457723 807166639 767043292 958216011 149364986 186549740 257701956 553198631 442166049 725301812 488214709 955036524 357839254 
~
92
195185139 754986293 575537478 389854207 176040305 208578128 253741825 553968314 455390865 293117228 508606804 846102791 813773800 404247876 531259344 216075103 526153030 456016676 739749423 93250703 69234044 792168263 848095809 202850158 213519030 7229102 338703931 765185701 604649447 522222943 266048702 921662655 673686829 415463996 644407479 107992188 363565489 321072547 151961821 445798495 425883319 59119275 606696770 834384682 596539449 636233163 557157499 602705437 758141738 412595934 556283557 57068993 779071200 445808087 189318428 40772438 949440024 802944456 151530650 722184665 877641340 164797906 631395717 861106618 207596651 412368205 713663690 877098665 890588414 270170721 673484753 712353108 400306575 682940464 348885721 224151036 841851095 451954494 60960786 437589053 334356198 804921297 756078580 810757529 40883626 579239042 616918759 853014080 742299785 565628891 357151864 285145814 
~
5
565821297 130519865 57750354 234971651 981709724 
~
76
608421078 921323098 324171014 920168401 633540935 393553830 860716086 653638057 418826530 399020543 69386495 873088393 540601308 801814819 379787626 538149557 623779521 100185394 590016350 99349030 83020443 990751639 908730558 4705277 566260495 90955400 559442672 852069143 139673340 17343395 132204778 727993619 383152526 780997206 935658414 677570543 746642030 509125172 223854197 604508661 891081055 952170820 620251131 940572554 971328146 242971249 255333609 861536355 727697922 183876408 286776617 302578855 532118292 639269404 970666689 920063380 694233198 586913821 422958506 686809331 981091823 858281024 814684694 608505099 816299992 332360436 899354093 697179254 558653496 24279715 124089548 313503461 741421184 284737548 873011879 808479090 
~
69
244010779 303799249 515764191 793164333 747991075 975903908 129358949 966190241 294762589 495328008 86902846 177987384 938728764 867407692 256420714 689048646 809767992 344280344 295485905 928125706 788247606 836899313 165702953 298675190 992367488 519000176 337159108 44324637 155658777 552272156 827494965 257947328 625243482 130751842 675512258 58035748 881051639 935452553 248810712 748806570 283402413 872402844 23524166 369307126 639006235 244064148 438188497 682638897 813333770 866649331 620439616 667147627 860310413 401483526 32987579 228799641 502267326 129286343 5831825 983602528 13274436 735588241 375675687 423742427 119815443 32684393 97919548 327939960 821430410 
~
50
464862909 976621180 325097432 176527661 977865926 34979984 282045358 549266762 452063118 874350103 691438947 75853818 462343202 306590494 593222595 954193979 180979917 292915869 679311574 20990073 650614408 712978746 987969770 530473068 696827909 621720201 934402398 415481490 34173581 552108690 78957756 147785408 358619311 158499794 201856042 741441765 919881769 968371555 523599371 393157799 769409949 314540353 14771392 123510378 878698030 268803055 204839932 336766116 9660130 697829443 
~
28
113454704 3653850 660224331 139342479 440466134 93498694 265736895 985560878 549589655 367444044 113563141 289409122 106808506 815610008 630392355 1447586 58411193 700525607 544191445 56878944 521372861 748703251 844389353 28687958 980081840 599960868 545217632 691788248 
~
62
211485293 711269899 769369259 840654580 850050659 102931085 71163819 676093625 60529298 286657257 675250702 774100876 992547010 525919773 265311634 661065860 113816754 743632700 608830963 884613384 527014652 517167419 861588473 998364537 48714613 24476445 842370710 370056005 43711820 110086039 614868198 784864481 114472106 31744782 409939703 303502157 152860306 384236965 806350831 498084902 60605066 154246043 38289871 556858842 500055924 438380591 603440491 682279710 778997588 398165897 409640171 289270132 514234109 320191728 548721939 532904206 513335983 225878782 867671359 786172966 783255265 279908522 
~
72
592720691 600259314 491351459 229512660 758377983 38466379 410948712 793701524 801416098 682393555 110271671 362368384 11369227 175091139 130003 135119399 316843787 588035217 99120912 589361493 654011565 214136344 380968562 344563423 23058209 50883593 280719461 380716325 219623944 463748554 483454477 582987989 371080180 391394073 483722973 432473568 814270548 212879043 965337269 216328894 888352279 806575703 119641142 103053688 93287711 178368539 999935220 214739684 635863374 438859136 221310819 284041306 318487706 99983125 5904621 807762503 914728966 918995094 882555514 504638567 920744246 422355494 935511372 691925782 413580111 118665665 16297084 861847460 102987639 865193536 975670925 251018144 
~
