10
13
581869302 890346734 586334585 545404204 161255391 922919429 949333985 715962298 323567403 418932835 350294565 196140740 809094426 
~
40
264392720 112460519 279768804 144164697 156218106 676943009 117454609 168664243 213834039 111000746 471852626 84672536 427838553 437178460 275731771 609397212 20544909 811450929 483031418 933054126 747762695 402504553 772830893 120988587 163214728 816384844 427077306 153380495 551745920 646982597 910208076 11470445 926416934 915145307 712568902 254469058 181055693 191729660 39073006 684602222 
~
87
815256116 746745227 735241234 296707006 32444839 424291161 136721026 359573808 189375152 747053250 198304612 640439652 417177801 269491673 536724425 530047642 984266209 537655879 361931891 280281326 81172609 107063880 147944788 850164008 884392678 540721923 638781099 902841100 287869586 219972873 415357582 156513983 802611720 755486969 103522059 967048444 913778154 94092595 775893247 410096536 46698742 955127111 241354600 468319344 185518681 31277329 919300778 12105075 813624502 52449900 698412071 765791248 511091141 958646067 140457296 323948758 122068897 464257528 461945556 765644424 513705832 471087299 961264978 76338300 226667454 527224675 95625157 525484323 173068963 37587209 2511655 772389185 826400342 817480335 120125281 495189930 350272820 678852156 595387438 271610651 641212874 988512770 105989508 477783405 610853094 245667946 92133642 
~
1
497326703 
~
71
45931779 58150106 991156885 933029415 503168825 897101788 844370145 644141418 78396938 101769245 645891717 345340191 32760103 241106803 510366103 290319951 568381791 408475658 513690134 553373352 361044915 147346559 939316793 986002498 227669233 919803768 252150224 685003584 237241796 411870849 634002467 893645500 438775379 265043167 325791709 736062366 231714000 515103006 279758133 546159170 346497776 530490810 11545318 144499009 557942923 663307952 443079012 696117849 16017442 663423246 51119001 122246755 447930741 668894615 696567687 983551422 411426125 873110678 336658413 705174600 270032533 664425968 711455903 513451233 585492744 27039028 129453058 461232481 809248324 275654012 960153730 
~
29
213286615 245057188 935061435 94495853 360010077 919490483 983448591 171099548 922754098 397746050 654458600 161184684 546856898 986311591 312163142 347594600 278366025 922360368 335761339 669839044 901288696 595154464 458070173 141230976 131320786 208748424 19903848 147391738 328215103 
~
87
510290616 559873971 731015357 918514861 362649214 487061100 717053387 675955720 116134897 193529268 436267940 835191639 852908272 220971953 911201640 571213604 781027019 219206494 133024903 409547355 625085180 214072539 584409985 445042528 733581611 333104904 489812253 694595213 361631596 34763086 622576118 921810672 663740744 293225236 671706445 884059696 507329019 857065948 204390003 592711182 725752375 642107460 326274448 274574484 30432041 173822100 529650788 86437636 789877945 167974914 30588245 533061365 792148406 216468704 213264131 536714075 877136173 296338417 57830103 205919137 108245233 64497347 101324080 336703164 450493809 812754708 865701845 476779561 585902852 142887412 477612192 699530444 351157089 768249319 673915577 903239649 38056164 171465372 734789440 115022236 414269055 959581346 566820984 105828892 46076449 101450561 106566571 
~
24
470502098 253453343 256751188 869365987 8372035 374606708 516804538 228288551 527001547 385173098 66157275 739381798 184785808 901692666 725806641 475217997 787929747 109372433 142723729 557686578 782047723 118822689 936702581 625646963 
~
94
85804937 272688179 236112995 198431244 677635414 811555596 486972196 949678043 342211552 788174404 656614077 582629285 477167035 687011245 503701453 351051324 874557775 348432514 629591495 991682351 969229192 331660584 304012077 90754125 910846836 871998370 98597104 918921592 246092887 315760974 464122393 184028058 690455542 193747147 737423698 511684278 549884962 413774919 938991454 767325310 335626851 626114941 601913200 485711542 858447440 288468476 75602213 506361431 252489875 32981007 31118352 762145731 70955369 362903502 669089455 673510137 348740333 521337794 47144929 892246357 319875070 293843163 79245769 22600352 866257397 989939126 835351312 626278636 805332945 836506264 895040349 970326679 634920763 733185481 28655248 977810701 434484235 871311609 31584214 336174158 385787519 965885375 768323462 847726660 718987737 793780050 509902580 886434164 120956802 207987247 523159183 884932179 922324286 477253416 
~
13
108379444 697195677 755438379 574393398 555059183 930828628 126190880 180621093 589191337 424652760 54648512 719646637 952394946 
~
