100
13
3 35 86 5 92 30 86 99 4 36 66 41 27 
~
40
21 20 5 98 7 10 10 44 40 47 27 37 54 61 72 13 10 30 19 27 96 54 94 88 29 45 7 96 21 98 77 46 35 8 3 59 94 61 7 23 
~
87
17 28 35 7 40 62 27 9 53 51 13 53 2 74 26 43 10 80 92 27 10 81 89 9 79 24 100 1 87 74 83 84 21 70 60 45 55 96 48 37 43 12 1 45 82 30 79 76 3 1 72 49 42 68 97 59 98 29 57 25 33 100 79 1 55 76 58 24 64 10 56 86 43 36 82 31 21 57 39 52 75 71 9 6 95 47 43 
~
1
4 
~
71
80 7 86 16 26 89 46 19 39 46 18 92 4 4 4 52 92 59 35 53 16 60 94 99 34 69 25 85 97 50 68 1 80 68 10 67 1 7 34 71 77 11 19 10 24 53 13 50 43 47 2 56 42 16 88 23 26 79 14 1 34 69 4 34 45 29 59 82 25 13 31 
~
29
16 89 36 54 78 84 92 49 99 51 1 85 99 92 43 1 26 69 40 45 97 65 74 77 87 25 49 39 4 
~
87
17 72 58 62 15 1 88 21 98 69 41 40 73 54 41 5 20 95 4 56 81 40 86 29 12 5 54 14 97 87 19 73 45 37 46 97 20 49 4 83 76 61 49 85 42 1 89 37 46 15 46 66 7 5 32 76 74 18 4 38 34 48 81 65 10 9 46 62 53 13 93 45 90 20 78 50 65 73 41 37 56 47 85 93 50 62 72 
~
24
99 44 89 88 36 9 39 52 48 99 76 99 9 67 42 98 48 34 30 79 24 90 82 64 
~
94
38 80 96 45 15 97 97 44 53 5 78 86 36 46 54 25 76 15 96 52 93 85 78 26 37 71 5 93 88 75 94 59 43 48 99 79 63 20 55 11 52 42 1 43 41 77 14 32 76 8 53 32 70 3 56 38 34 95 30 58 71 64 70 53 98 27 13 37 46 65 50 80 64 82 49 2 36 10 15 59 20 76 63 61 38 51 81 65 3 48 84 80 87 17 
~
13
45 78 80 99 84 29 81 94 38 61 13 38 47 
~
81
86 59 64 14 71 1 45 36 25 41 23 22 40 8 98 85 50 14 68 61 95 27 77 51 9 20 86 35 14 22 85 46 87 10 66 20 14 67 17 43 68 73 44 68 20 87 12 54 76 97 84 32 46 25 60 40 93 61 6 19 91 82 81 55 24 20 44 39 42 20 15 70 56 46 98 51 79 77 94 58 63 
~
31
10 10 67 24 99 13 50 1 53 76 6 50 11 37 94 76 25 40 89 15 36 59 90 76 39 27 58 14 25 62 58 
~
19
62 77 43 32 50 68 92 60 96 23 33 40 73 12 83 39 61 37 9 
~
4
38 20 13 17 
~
96
70 10 24 7 20 32 23 14 32 98 8 6 72 8 88 13 42 25 81 58 79 13 62 83 65 76 43 16 20 26 65 8 92 88 33 6 32 6 75 47 46 46 37 46 63 71 83 53 15 36 33 57 11 72 9 87 15 20 12 77 70 33 62 49 97 43 14 12 54 20 72 4 100 2 92 67 55 10 12 15 52 26 79 95 8 21 56 50 78 92 33 54 27 40 13 71 
~
44
32 50 66 27 5 31 74 26 37 21 2 54 63 29 78 73 77 5 6 1 68 71 51 90 10 19 20 27 87 13 67 93 66 17 12 79 48 59 33 35 100 81 90 34 
~
35
100 68 89 88 99 79 27 42 58 41 71 65 65 72 27 10 25 96 56 55 32 64 6 7 31 63 67 89 94 69 38 91 77 69 70 
~
30
54 44 10 58 53 73 53 3 93 95 80 22 88 17 29 16 85 54 12 65 81 30 56 37 51 7 47 77 20 63 
~
77
21 59 20 35 5 66 33 40 19 67 92 13 6 33 56 69 79 20 70 57 59 11 55 46 43 29 49 32 54 67 62 67 2 21 85 15 47 92 6 13 87 87 49 82 95 34 34 76 38 92 53 87 76 11 81 14 2 23 4 54 97 75 84 6 86 51 19 4 95 92 100 19 100 67 36 99 69 
~
78
33 69 6 64 28 73 55 75 7 6 80 79 25 93 36 72 84 70 7 12 64 88 62 86 79 63 43 1 73 67 58 46 25 55 20 92 92 55 30 100 87 89 47 50 5 66 59 66 5 7 58 15 65 80 44 26 56 80 40 75 31 26 62 79 14 33 57 72 20 27 8 31 72 3 98 60 5 40 
~
79
28 71 1 58 28 94 38 54 51 90 69 21 53 87 74 22 87 85 93 14 83 88 55 93 85 18 65 78 25 58 77 60 51 45 40 32 49 47 86 73 52 73 54 38 56 71 75 40 90 93 20 70 48 44 36 44 71 85 77 21 47 24 51 69 11 55 29 78 24 24 83 75 80 29 37 18 59 74 9 
~
51
73 60 70 33 41 22 24 32 87 30 90 100 75 17 68 86 60 89 34 1 99 35 55 50 30 56 68 10 90 54 21 48 2 73 81 81 28 81 1 63 69 71 21 16 35 42 8 94 38 86 15 
~
4
100 91 70 77 
~
20
71 60 12 41 27 76 31 20 1 94 72 98 28 82 63 6 47 52 67 25 
~
30
80 25 85 28 89 82 6 39 69 52 27 32 59 5 1 25 62 12 95 61 12 99 35 84 33 19 20 9 69 51 
~
2
90 86 
~
79
89 78 27 99 64 66 31 90 35 83 3 32 16 50 27 24 52 40 37 42 35 62 90 5 26 99 100 26 59 89 96 77 5 15 46 36 26 92 34 24 54 47 4 65 12 73 68 50 53 85 7 39 10 43 46 52 61 68 95 52 4 29 17 74 27 19 46 91 100 40 20 61 16 97 21 66 17 6 9 
~
60
60 52 90 20 83 46 82 58 20 30 11 22 66 55 89 58 10 41 89 48 28 64 79 23 25 34 25 87 36 15 79 96 84 53 45 17 38 83 47 31 94 98 34 32 44 77 27 26 76 53 19 36 64 42 2 6 94 94 38 4 
~
48
23 32 14 100 26 36 61 7 19 58 24 94 71 92 14 80 69 32 28 58 43 9 20 52 76 19 58 44 28 96 95 12 55 52 34 81 37 76 81 39 68 81 72 72 85 93 59 59 
~
93
47 83 58 69 9 72 4 70 72 43 31 59 42 17 40 66 76 17 1 39 56 55 28 49 68 3 33 13 14 94 28 31 32 55 91 69 25 51 6 10 27 61 13 16 28 48 18 64 54 85 68 13 53 70 99 48 39 29 40 8 61 21 11 72 25 65 89 92 40 18 63 23 18 37 6 40 98 68 35 16 54 55 99 69 68 91 5 100 86 10 91 56 90 
~
45
93 13 36 46 81 34 6 96 98 68 73 9 34 18 94 46 12 30 45 33 41 20 62 56 37 17 98 37 89 46 15 7 41 62 15 50 61 76 90 3 44 96 5 5 14 
~
7
53 64 88 49 12 32 83 
~
5
21 62 29 54 51 
~
92
62 2 6 71 18 35 19 94 53 98 32 24 7 56 64 69 92 98 22 77 84 71 24 22 17 54 66 55 27 55 96 27 83 32 76 15 38 44 12 88 95 21 25 82 98 87 73 6 11 26 93 50 74 28 70 93 36 90 35 78 63 16 55 15 66 64 83 3 39 91 19 31 90 32 92 86 45 17 10 74 73 93 67 52 66 55 84 1 52 14 37 81 
~
95
42 72 91 96 55 7 13 12 97 56 80 67 22 90 17 89 38 15 97 47 5 63 97 76 60 36 83 82 8 42 87 20 10 45 74 85 35 86 50 48 17 54 90 38 33 6 24 91 78 32 29 53 22 42 83 69 36 4 64 26 53 68 83 98 9 84 61 63 82 19 61 56 72 84 24 84 65 68 48 96 68 3 83 44 21 10 16 2 73 20 4 16 56 9 25 
~
44
60 53 19 5 24 21 7 70 62 52 41 7 97 24 25 82 72 17 31 1 21 91 8 90 27 16 87 45 21 62 93 83 71 93 20 30 21 62 98 75 86 29 23 42 
~
65
41 71 43 84 80 57 35 82 58 27 62 94 16 6 29 8 87 70 79 27 38 7 93 59 18 10 79 98 24 25 26 22 81 38 95 96 34 59 17 25 46 3 17 65 10 22 73 59 2 34 36 79 5 46 21 65 65 43 20 82 15 4 91 15 76 
~
19
75 25 72 46 47 41 86 21 64 73 97 79 85 26 84 2 32 92 69 
~
31
50 49 33 67 69 20 91 18 5 49 73 99 48 73 25 52 40 56 19 60 81 96 35 42 72 28 91 59 75 6 7 
~
98
69 93 71 13 41 56 94 92 95 77 32 47 35 70 93 74 89 74 35 21 56 95 17 14 40 47 26 37 33 18 2 80 71 34 36 98 63 99 73 35 81 98 3 22 21 51 54 57 56 13 55 38 32 79 21 62 61 87 7 91 26 14 33 34 83 76 27 93 76 90 90 15 54 68 53 16 51 12 28 69 11 26 89 70 20 85 20 86 95 31 38 89 54 89 11 77 42 67 
~
99
65 9 57 84 45 90 37 35 47 95 50 75 9 67 53 88 55 43 88 4 65 21 50 3 58 95 46 36 89 87 96 74 46 24 79 82 34 4 74 45 12 21 33 70 57 1 13 71 35 92 47 13 92 57 44 68 40 58 11 28 53 15 28 98 31 6 86 92 57 95 8 76 88 36 44 32 21 85 88 25 46 50 60 70 31 100 26 34 43 49 38 70 18 81 55 82 3 84 6 
~
45
43 14 39 80 43 45 59 68 50 41 9 91 21 29 86 47 28 16 89 88 66 90 31 51 54 34 55 25 62 38 38 20 72 83 93 24 90 9 25 7 100 63 30 9 5 
~
15
85 18 35 50 77 47 59 80 34 13 34 54 96 79 51 
~
91
53 25 67 88 33 26 24 6 83 16 58 48 100 10 54 36 6 66 65 9 7 28 25 88 46 60 26 58 40 39 79 50 51 70 83 41 87 97 36 1 80 97 89 15 93 62 17 18 8 84 67 50 5 69 16 61 28 14 58 81 98 12 85 93 67 42 84 67 17 49 51 25 50 22 96 1 23 57 7 47 61 12 1 93 84 96 38 91 74 28 10 
~
53
49 13 71 36 72 41 63 35 30 27 69 52 79 66 44 43 21 42 21 52 83 70 2 33 97 91 65 45 82 26 95 97 92 12 2 46 96 11 75 77 54 19 38 32 23 63 95 61 59 71 23 20 91 
~
34
44 97 73 18 24 64 76 6 8 44 19 73 17 26 70 25 38 79 21 48 53 51 38 53 65 92 46 60 96 20 56 78 19 25 
~
65
83 82 100 32 60 50 68 50 18 34 27 25 82 87 78 74 13 54 49 97 34 3 13 83 10 17 100 74 84 78 98 61 89 3 57 30 61 79 15 37 97 55 71 66 22 43 80 87 25 55 77 21 23 73 80 80 83 36 76 67 16 34 85 38 26 
~
62
2 92 93 29 99 41 42 76 4 65 63 36 40 62 32 99 88 12 100 62 12 48 82 72 15 81 42 72 98 88 81 68 21 53 81 32 66 2 83 63 22 50 14 35 15 100 8 47 7 55 94 55 5 89 27 58 14 98 58 39 36 60 
~
30
99 37 47 25 55 37 64 18 26 94 65 77 88 39 40 75 27 92 26 1 3 8 59 100 95 28 70 62 99 45 
~
44
87 2 87 63 73 67 71 23 4 39 46 19 4 37 32 90 35 13 70 6 11 59 96 97 62 4 74 36 73 2 17 53 60 51 54 5 94 83 79 56 81 2 23 100 
~
27
54 20 67 82 91 98 64 93 21 6 16 56 51 26 87 13 83 79 3 27 55 28 97 14 47 52 85 
~
1
95 
~
42
32 71 30 1 51 7 2 28 31 54 87 99 52 59 59 53 4 89 46 44 19 39 20 28 77 65 24 39 10 19 55 65 87 45 47 77 99 2 34 28 67 31 
~
37
25 84 88 47 20 27 3 69 28 10 77 36 49 96 78 49 69 100 33 25 89 84 72 45 40 98 25 94 21 78 46 59 50 36 75 82 31 
~
73
1 50 6 57 70 40 29 49 31 90 3 89 59 27 63 66 51 75 5 98 43 93 19 58 19 53 17 34 57 61 82 9 69 55 83 91 55 100 18 64 84 96 52 32 78 72 1 8 76 12 47 41 94 86 60 82 72 82 87 98 74 77 37 25 61 99 94 46 10 48 11 64 51 
~
52
93 58 27 52 16 18 58 4 48 65 2 2 57 77 47 41 52 57 3 77 65 21 31 24 75 47 99 74 73 86 43 46 60 20 63 14 54 85 87 12 83 12 37 19 46 63 69 48 10 90 20 31 
~
36
6 47 22 75 24 15 84 36 33 59 61 98 48 86 49 94 97 49 67 82 66 99 66 90 78 40 11 33 52 63 11 37 97 87 55 22 
~
53
90 79 30 99 6 8 96 24 99 27 99 62 6 92 38 90 13 43 11 43 99 82 54 37 55 100 34 19 79 91 16 87 64 13 12 70 78 96 72 38 32 44 60 47 90 31 46 93 16 100 56 92 16 
~
36
41 60 47 93 16 83 84 26 90 96 7 51 16 12 15 18 27 59 78 46 34 81 65 4 96 86 81 76 77 82 65 76 35 46 24 55 
~
82
5 91 16 89 40 32 89 9 42 95 44 14 21 58 11 67 24 94 70 35 94 71 62 17 45 87 41 5 26 67 95 83 42 90 80 74 76 98 3 39 88 24 91 53 58 16 25 48 33 80 82 18 93 87 58 3 73 39 52 13 85 13 34 98 21 10 50 38 29 91 59 39 13 70 43 37 62 87 38 13 47 5 
~
40
40 6 61 97 53 41 70 61 33 31 25 46 86 15 86 28 57 32 86 44 29 34 67 81 70 41 14 51 17 90 40 21 63 68 13 31 14 65 3 97 
~
53
78 76 57 67 21 23 95 4 33 12 41 3 62 35 95 42 33 59 60 13 64 48 12 48 89 87 43 96 43 6 39 18 12 8 82 24 72 21 36 81 91 83 97 68 11 26 18 89 61 69 32 60 86 
~
81
41 59 24 79 8 15 21 65 45 66 15 78 81 7 45 79 59 3 30 85 63 33 72 35 18 92 21 49 60 2 31 27 57 53 21 91 2 22 24 22 50 25 97 33 18 33 15 95 77 91 32 77 99 38 34 35 15 25 96 82 99 90 7 2 71 21 15 80 59 27 62 23 15 61 90 77 47 33 84 73 13 
~
70
62 44 46 6 12 12 89 86 93 40 24 50 64 65 94 63 35 70 15 71 3 59 64 87 84 53 100 86 79 6 83 56 42 46 97 90 25 71 3 33 43 66 61 88 33 11 78 93 39 34 95 73 95 98 18 58 70 74 70 66 38 54 85 63 74 13 4 68 7 31 
~
86
68 70 16 92 56 54 53 79 17 61 98 20 28 46 36 1 94 93 67 90 34 79 13 59 10 5 15 67 1 34 63 49 77 39 95 2 41 15 35 12 19 11 71 86 82 77 47 49 80 71 97 81 75 95 68 45 65 74 37 7 40 19 18 31 80 90 54 59 35 91 35 57 29 76 97 83 14 35 22 18 40 11 79 77 91 44 
~
87
65 6 8 93 14 77 16 86 82 37 51 16 76 3 96 38 22 25 5 51 52 83 33 73 58 83 66 54 84 62 93 33 77 13 12 17 73 89 83 69 49 87 97 32 8 99 82 38 1 31 74 70 30 67 64 52 50 62 48 3 53 21 4 30 55 49 63 64 23 91 81 62 11 10 76 26 38 4 59 44 46 79 78 75 31 73 43 
~
89
72 38 68 4 73 61 38 46 36 6 65 39 70 83 80 60 87 16 33 76 47 49 19 35 59 26 94 95 90 43 95 96 44 94 21 72 44 12 4 83 18 62 42 6 6 53 19 23 53 4 100 66 100 78 17 97 19 50 79 58 77 94 68 94 4 99 46 55 42 93 34 24 66 89 89 53 39 76 99 54 53 90 13 41 60 71 57 76 38 
~
14
16 29 65 24 36 72 83 91 19 73 84 64 44 13 
~
93
24 45 18 27 93 10 98 55 34 69 78 34 89 31 25 37 77 75 26 87 46 61 94 37 67 13 33 30 81 82 97 81 3 53 83 95 98 29 17 77 57 15 47 100 82 19 14 72 32 13 84 73 17 1 19 63 20 2 89 64 17 76 43 74 51 20 87 73 61 9 53 26 34 61 56 66 43 41 92 78 76 35 6 54 84 87 38 97 90 23 87 70 46 
~
80
12 66 19 99 38 90 25 97 88 35 64 16 27 69 83 89 6 42 20 14 77 53 77 11 30 36 2 81 52 40 87 23 9 68 33 76 77 47 52 58 9 76 58 21 63 96 92 42 73 83 32 84 70 32 67 38 98 99 65 25 29 28 59 36 64 68 93 73 83 48 28 77 96 6 50 67 42 55 59 96 
~
19
63 57 23 3 60 96 22 37 88 32 55 28 76 31 15 44 44 61 42 
~
8
25 11 48 88 12 63 86 96 
~
35
44 1 63 96 79 66 45 11 5 41 71 81 57 99 63 85 50 1 37 91 58 13 35 58 7 63 17 67 76 23 59 42 56 14 54 
~
14
66 76 81 71 96 55 61 41 31 31 32 30 83 33 
~
87
79 12 62 20 64 46 5 21 19 34 8 72 22 92 70 13 91 10 17 93 73 34 83 44 57 26 54 4 90 46 38 83 22 50 54 10 60 59 19 12 49 82 76 49 68 67 54 64 77 53 53 15 71 23 2 79 97 15 24 33 21 87 52 80 59 82 79 45 26 69 26 95 55 60 96 65 22 74 37 77 75 38 73 36 80 77 39 
~
23
14 82 90 13 20 98 4 50 54 99 18 50 98 92 81 57 53 45 61 15 46 76 4 
~
66
45 89 21 92 5 96 57 23 16 84 2 65 6 29 64 30 24 31 34 11 93 26 4 89 83 32 95 3 84 75 53 66 56 84 94 25 38 96 61 11 93 31 80 75 79 48 93 80 37 76 55 79 4 59 39 53 30 23 86 63 28 58 29 58 18 69 
~
58
46 65 34 20 72 28 69 71 57 82 97 88 10 13 78 16 36 60 25 4 40 39 37 34 24 75 87 17 67 32 41 10 100 44 23 99 24 23 7 76 24 81 31 39 23 81 75 38 44 67 25 18 75 81 91 55 54 60 
~
34
4 1 66 75 7 80 13 97 64 13 81 13 82 20 62 50 5 39 1 48 93 90 90 59 29 93 75 10 82 57 7 25 37 75 
~
64
38 86 52 30 13 53 25 50 12 24 27 21 10 26 24 7 43 35 60 34 83 27 99 42 95 65 50 39 81 85 68 94 42 52 7 95 88 11 64 15 11 78 23 71 29 88 38 64 54 32 37 59 43 50 94 78 88 73 64 40 26 41 68 3 
~
62
2 39 26 43 14 80 44 93 16 52 1 34 61 78 44 77 45 71 89 78 66 39 68 80 98 4 35 65 49 58 85 44 16 25 85 5 28 55 27 83 100 91 39 51 28 93 48 60 51 56 91 12 18 98 92 1 58 48 3 39 48 35 
~
67
6 97 56 99 72 17 73 50 78 40 3 50 60 74 39 45 43 51 93 1 98 73 98 87 74 27 26 93 96 68 44 8 41 25 31 27 16 63 97 28 70 87 90 10 64 10 24 46 24 50 48 53 66 37 41 92 24 45 84 82 73 34 14 6 31 76 78 
~
64
42 28 68 64 8 29 52 55 29 9 24 27 16 25 21 69 14 25 65 6 35 98 17 38 76 93 48 34 64 71 42 77 56 92 79 12 61 67 12 82 33 57 46 65 90 77 32 10 66 37 38 16 48 17 7 87 55 88 41 58 57 26 70 66 
~
79
77 23 93 9 93 91 59 100 32 55 92 58 97 8 83 92 3 25 75 40 26 4 8 17 49 56 1 51 75 50 85 64 49 19 3 29 83 65 98 36 12 96 12 72 77 27 88 19 60 46 20 65 15 60 51 61 61 96 97 7 44 68 4 81 53 6 55 42 78 62 49 68 28 81 42 64 7 100 16 
~
16
22 23 2 77 11 31 42 27 25 91 93 78 28 74 66 48 
~
63
39 19 71 69 95 10 45 51 80 33 70 36 61 14 16 96 2 51 35 89 55 67 34 5 81 93 70 87 32 47 42 100 35 59 8 96 31 20 86 76 65 65 68 77 94 72 12 65 91 67 22 52 27 84 33 78 64 7 81 16 97 65 43 
~
63
20 25 19 23 29 97 69 39 33 1 9 3 72 65 57 9 67 39 63 47 65 24 37 15 39 41 6 86 44 86 52 15 84 62 10 33 100 57 73 50 14 30 8 71 84 83 37 87 9 7 28 56 44 9 9 74 71 9 68 54 46 5 76 
~
95
55 76 49 75 47 34 32 11 5 93 93 57 96 18 18 16 68 52 10 66 15 29 44 86 30 70 49 95 77 73 7 10 20 33 10 73 32 33 63 63 61 11 15 56 62 80 29 54 37 87 26 43 9 62 5 32 95 24 83 48 29 91 79 68 85 90 83 45 22 34 30 63 84 62 20 15 68 27 96 80 76 18 3 92 84 92 20 16 77 78 86 19 20 78 91 
~
75
48 18 65 79 79 33 1 84 35 79 8 68 6 7 49 45 71 14 23 8 50 59 32 88 29 67 38 83 71 25 8 63 93 78 84 27 36 6 86 58 50 20 72 40 75 89 93 59 12 100 64 41 44 67 3 74 27 85 90 52 90 40 52 60 61 77 8 52 82 63 52 15 31 78 86 
~
68
11 52 75 9 30 61 3 25 88 74 95 8 89 32 50 39 58 37 40 18 13 45 76 16 55 82 86 58 46 77 96 51 2 12 43 66 9 45 24 58 95 90 22 64 27 98 99 3 62 42 9 75 32 52 55 8 17 26 17 20 63 92 73 54 39 33 58 13 
~
1
17 
~
45
84 92 16 100 27 62 77 3 73 85 61 31 50 6 75 81 31 29 62 82 13 74 2 46 51 98 31 39 84 53 8 22 24 40 93 12 87 41 57 32 50 13 10 25 55 
~
92
40 94 79 8 6 29 26 15 66 29 5 92 1 77 45 4 31 77 24 4 45 64 10 59 31 3 32 2 48 44 3 56 30 97 80 89 90 48 22 96 20 76 71 83 50 64 100 38 39 35 58 94 1 88 29 39 25 57 51 66 41 7 18 19 52 6 91 66 15 22 54 9 76 65 22 37 96 95 87 54 99 98 81 30 27 43 60 81 86 92 65 15 
~
5
98 66 55 52 25 
~
76
79 99 15 2 36 31 87 58 31 44 96 94 9 20 27 58 22 95 51 31 44 40 59 78 96 1 73 44 41 96 79 20 27 7 15 44 31 73 98 62 56 21 32 55 47 50 10 56 23 9 18 56 93 5 90 81 99 22 7 32 24 25 95 100 93 37 94 55 97 16 49 62 85 49 80 91 
~
69
80 50 92 34 76 9 50 42 90 9 47 85 65 93 15 47 93 45 6 7 7 14 54 91 89 77 9 38 78 57 66 29 83 43 59 49 40 54 13 71 14 45 67 27 36 49 98 98 71 32 17 28 14 27 80 42 27 44 26 29 37 42 88 28 44 94 49 61 11 
~
50
10 81 33 62 27 85 59 63 19 4 48 19 3 95 96 80 18 70 75 74 9 47 71 69 10 2 99 91 82 91 57 9 12 95 43 66 70 56 72 100 50 54 93 79 31 56 33 17 31 44 
~
28
5 51 32 80 35 95 96 79 56 45 42 23 7 9 56 87 94 8 46 45 62 52 54 59 41 69 33 49 
~
62
94 100 60 81 60 86 20 26 99 58 3 77 11 74 35 61 55 1 64 85 53 20 74 38 14 46 11 6 21 40 99 82 7 83 4 58 7 66 32 3 67 44 72 43 25 92 92 11 89 98 72 33 10 29 40 7 84 83 60 67 66 23 
~
72
92 15 60 61 84 80 13 25 99 56 72 85 28 40 4 100 88 18 13 94 66 45 63 24 10 94 62 26 45 55 78 90 81 74 74 69 49 44 70 95 80 4 43 89 12 40 21 85 75 37 20 7 7 26 22 4 67 95 15 68 47 95 73 83 12 66 85 61 40 37 26 45 
~
