10
5 3
0 0 2 1 1
~
3 10
8 0 4
~
5 0
0 0 2 1 1
~
35 585
74 4 11 82 16 69 49 5 44 84 58 47 59 9 44 76 52 29 51 74 14 51 30 84 96 68 20 34 60 89 62 29 15 32 43 
~
1 0
0
~
30 985
38 24 69 58 67 55 75 75 51 96 27 89 53 99 23 67 1 51 84 62 49 99 84 33 25 52 41 38 9 23 
~
99 403
45 98 8 36 15 41 87 15 10 4 47 54 33 22 31 19 99 74 22 80 64 69 23 48 71 35 89 35 9 68 5 28 85 15 18 62 94 99 69 98 55 16 33 40 13 25 80 76 22 3 10 41 79 52 54 14 7 41 46 49 35 65 76 66 17 3 51 41 17 53 71 23 40 70 32 84 95 73 3 44 20 96 50 88 67 59 53 23 44 60 65 27 87 47 66 0 0 2 16 
~
36 565
38 44 15 89 54 67 93 85 16 23 60 49 82 89 55 41 68 47 58 36 47 62 36 98 55 17 83 58 74 97 19 44 80 87 77 64 
~
41 426
0 67 80 95 24 25 96 1 19 57 60 48 90 19 41 33 97 77 53 60 55 61 29 72 45 2 67 28 23 70 91 75 79 35 32 87 91 42 81 88 33 
~
40 7200
49 89 55 53 67 80 73 1 2 95 88 43 67 29 10 44 6 27 11 52 1 56 8 94 37 85 8 61 64 69 46 47 23 61 37 25 23 70 99 63 
~
