10
26
13 3 35 86 5 92 30 86 99 4 36 66 41 27 40 21 20 5 98 7 10 10 44 40 47 27 
~
26
37 54 61 72 13 10 30 19 27 96 54 94 88 29 45 7 96 21 98 77 46 35 8 3 59 94 
~
26
61 7 23 87 17 28 35 7 40 62 27 9 53 51 13 53 2 74 26 43 10 80 92 27 10 81 
~
26
89 9 79 24 100 1 87 74 83 84 21 70 60 45 55 96 48 37 43 12 1 45 82 30 79 76 
~
26
3 1 72 49 42 68 97 59 98 29 57 25 33 100 79 1 55 76 58 24 64 10 56 86 43 36 
~
26
82 31 21 57 39 52 75 71 9 6 95 47 43 1 4 71 80 7 86 16 26 89 46 19 39 46 
~
26
18 92 4 4 4 52 92 59 35 53 16 60 94 99 34 69 25 85 97 50 68 1 80 68 10 67 
~
26
1 7 34 71 77 11 19 10 24 53 13 50 43 47 2 56 42 16 88 23 26 79 14 1 34 69 
~
26
4 34 45 29 59 82 25 13 31 29 16 89 36 54 78 84 92 49 99 51 1 85 99 92 43 1 
~
26
26 69 40 45 97 65 74 77 87 25 49 39 4 87 17 72 58 62 15 1 88 21 98 69 41 40 
~
