1000
3
13 15 6 
~
5
2 30 6 19 14 
~
6
6 1 7 30 1 10 
~
5
8 17 30 20 24 
~
10
7 27 17 4 11 12 13 10 20 9 
~
7
26 14 24 8 19 25 7 
~
6
1 18 7 16 5 8 
~
3
29 24 21 
~
7
13 7 17 18 5 27 20 
~
2
17 29 
~
3
1 23 13 
~
2
4 6 
~
3
10 20 22 
~
7
30 21 29 29 9 4 20 
~
1
27 
~
4
23 24 1 10 
~
10
15 5 16 28 17 23 12 11 25 12 
~
10
29 16 13 1 12 19 12 8 17 29 
~
8
19 17 25 13 30 29 1 25 
~
6
18 4 4 10 26 16 
~
3
26 12 21 
~
1
7 
~
9
12 15 21 29 16 25 27 23 1 
~
4
1 20 27 26 
~
6
16 29 16 19 19 16 
~
8
22 4 24 24 22 22 9 5 
~
3
6 30 24 
~
9
24 9 15 5 27 30 28 11 20 
~
8
20 17 1 17 24 11 27 11 
~
9
30 14 3 3 20 13 17 22 26 
~
2
16 28 
~
3
6 19 14 
~
1
4 
~
9
24 4 15 19 9 12 25 23 1 
~
9
26 9 26 24 28 24 22 29 29 
~
1
21 
~
5
9 12 23 11 26 
~
9
20 5 27 25 24 27 27 5 19 
~
9
14 17 7 2 18 22 5 11 28 
~
1
18 
~
9
21 30 3 24 1 15 30 15 24 
~
6
21 20 26 29 12 25 
~
4
14 7 17 9 
~
3
15 7 16 
~
7
20 29 24 13 6 11 29 
~
5
22 1 9 27 26 
~
5
16 6 7 25 12 
~
6
14 18 14 8 4 28 
~
1
15 
~
10
19 6 12 13 23 13 15 10 20 28 
~
10
5 23 21 7 16 27 25 13 30 22 
~
2
24 29 
~
4
29 18 6 29 
~
9
12 8 19 16 9 29 7 22 28 
~
8
4 20 19 4 30 22 4 4 
~
8
10 16 25 25 7 17 14 3 
~
5
8 16 6 16 14 
~
5
16 5 16 12 3 
~
5
8 6 7 21 25 
~
3
8 5 14 
~
9
3 28 29 19 3 10 5 1 12 
~
2
11 23 
~
1
17 
~
4
22 16 8 23 
~
2
30 3 
~
6
18 24 5 10 8 1 
~
4
20 23 18 27 
~
3
17 16 5 
~
10
20 14 2 9 2 26 20 25 19 30 
~
6
23 21 18 1 11 15 
~
3
18 24 20 
~
7
7 23 15 28 20 19 14 
~
9
1 4 28 1 3 8 7 21 6 
~
9
4 4 1 21 5 16 5 21 13 
~
2
10 8 
~
8
5 10 24 28 11 25 7 27 
~
1
19 
~
10
16 25 4 12 5 16 7 10 6 20 
~
4
7 7 13 8 
~
3
14 18 30 
~
7
12 24 16 7 4 12 6 
~
5
10 30 3 21 6 
~
9
21 2 1 25 4 30 4 9 12 
~
10
25 10 16 26 18 1 9 17 14 8 
~
3
1 20 10 
~
7
4 29 13 10 21 23 16 
~
6
30 11 7 24 6 25 
~
10
19 25 16 19 30 6 29 17 18 14 
~
5
2 8 9 2 7 
~
3
22 30 8 
~
2
10 26 
~
3
13 10 3 
~
2
13 29 
~
1
27 
~
9
24 28 10 13 7 26 10 10 24 
~
7
10 2 13 14 22 8 18 
~
6
2 18 28 23 2 25 
~
1
18 
~
9
13 2 13 5 26 23 26 30 6 
~
5
8 12 8 23 6 
~
2
26 5 
~
7
26 6 7 16 23 21 3 
~
3
25 26 23 
~
7
21 2 9 27 25 20 2 
~
7
20 13 12 29 7 23 14 
~
2
4 20 
~
2
14 10 
~
2
2 7 
~
5
10 22 5 12 6 
~
9
5 8 1 26 30 18 2 3 24 
~
7
30 23 21 4 2 20 26 
~
7
15 11 24 6 17 11 2 
~
4
13 29 28 3 
~
7
25 26 1 28 11 11 10 
~
10
19 30 7 27 23 17 23 16 17 2 
~
9
8 9 3 25 20 1 10 24 5 
~
10
28 29 18 19 9 17 12 28 1 1 
~
5
25 12 27 20 15 
~
6
16 25 12 24 26 7 
~
1
3 
~
7
29 14 29 18 1 27 9 
~
10
10 14 24 30 18 13 23 13 3 3 
~
5
30 2 28 27 29 
~
6
5 4 22 5 21 10 
~
6
27 11 17 17 17 10 
~
3
17 21 29 
~
10
25 25 6 23 20 29 7 2 13 6 
~
3
6 19 9 
~
10
20 17 19 21 25 6 13 19 9 2 
~
4
17 2 27 22 
~
1
25 
~
5
27 22 16 3 17 
~
7
9 22 15 24 4 26 18 
~
2
23 17 
~
6
21 1 24 12 3 4 
~
4
7 25 14 6 
~
6
21 9 4 25 12 30 
~
9
20 7 16 19 9 18 13 9 6 
~
4
8 13 25 25 
~
7
16 30 9 15 23 6 2 
~
4
20 17 12 24 
~
8
2 6 19 23 23 21 23 7 
~
8
16 25 25 10 2 22 5 10 
~
10
27 19 27 10 25 26 29 26 5 27 
~
8
25 5 10 4 16 26 10 30 
~
5
11 6 2 29 14 
~
3
7 2 20 
~
7
28 21 2 23 8 20 25 
~
10
19 28 1 21 28 28 24 18 24 21 
~
10
9 1 13 7 4 2 17 25 3 4 
~
3
28 25 23 
~
5
8 25 8 25 18 
~
7
30 21 5 10 22 29 7 
~
6
23 2 3 24 8 26 
~
1
5 
~
10
30 3 20 20 18 14 16 24 1 5 
~
7
21 17 24 21 19 21 15 
~
9
28 14 4 13 15 30 19 7 8 
~
9
4 9 1 23 20 20 13 1 22 
~
4
22 7 10 20 
~
10
15 7 28 6 30 9 24 21 19 5 
~
5
20 30 6 8 20 
~
10
14 11 28 2 23 11 1 18 1 1 
~
3
9 11 1 
~
6
15 12 8 4 8 6 
~
5
24 20 21 30 17 
~
10
1 20 22 21 27 6 1 10 21 24 
~
2
18 28 
~
2
23 26 
~
7
22 17 5 20 30 15 5 
~
8
9 22 6 19 29 22 27 12 
~
9
5 11 25 12 22 25 1 22 29 
~
5
24 13 9 10 9 
~
9
21 12 20 6 9 19 28 7 9 
~
4
16 11 30 15 
~
3
23 22 26 
~
10
17 24 12 30 17 12 5 22 30 15 
~
6
29 30 6 19 9 26 
~
7
5 15 26 26 26 22 24 
~
4
24 27 24 5 
~
2
13 28 
~
10
3 5 7 19 10 13 6 22 11 8 
~
5
22 14 29 7 24 
~
7
9 26 11 10 20 30 1 
~
6
7 1 6 17 6 29 
~
10
10 2 10 30 23 6 22 8 10 30 
~
1
12 
~
6
25 19 28 20 21 9 
~
8
28 4 19 23 15 24 25 17 
~
6
15 29 26 14 13 15 
~
7
8 23 17 1 4 18 24 
~
2
24 7 
~
7
26 26 3 29 6 24 12 
~
2
26 24 
~
4
8 24 8 23 
~
2
24 10 
~
6
6 1 7 9 8 4 
~
4
21 22 24 20 
~
9
2 28 28 23 9 20 2 26 19 
~
8
14 28 26 5 22 25 2 4 
~
1
7 
~
6
11 9 18 21 12 22 
~
5
23 29 19 3 27 
~
3
18 19 9 
~
2
14 30 
~
2
3 21 
~
9
2 17 20 16 26 27 21 29 16 
~
5
8 29 28 3 13 
~
3
14 14 28 
~
1
12 
~
5
1 19 25 11 6 
~
10
7 11 23 6 8 18 8 14 14 25 
~
8
3 23 10 29 8 29 9 20 
~
8
21 11 21 12 5 25 29 22 
~
10
28 3 13 8 27 6 30 28 18 15 
~
6
24 5 29 19 18 21 
~
5
30 26 20 21 26 
~
10
5 23 13 6 16 21 24 6 26 18 
~
8
13 29 14 28 14 26 22 10 
~
5
13 1 10 12 26 
~
7
7 28 7 9 16 25 17 
~
1
22 
~
5
10 1 16 20 23 
~
4
16 15 15 4 
~
7
13 24 8 9 22 22 23 
~
5
1 2 9 14 21 
~
2
22 2 
~
6
21 8 5 9 14 13 
~
8
22 24 17 6 4 29 2 18 
~
2
7 24 
~
1
4 
~
2
7 4 
~
6
25 7 25 6 17 3 
~
2
16 5 
~
8
14 12 28 25 1 25 22 28 
~
7
23 6 11 26 13 10 4 
~
8
10 3 16 20 5 8 23 26 
~
5
25 16 24 13 13 
~
9
11 19 21 10 12 2 16 5 27 
~
10
4 23 13 27 2 6 25 24 11 2 
~
4
17 21 25 22 
~
2
21 6 
~
5
17 13 22 17 6 
~
10
27 12 20 17 19 18 25 27 27 5 
~
3
17 6 10 
~
6
3 22 8 22 17 10 
~
10
25 4 25 15 26 20 28 7 14 10 
~
8
13 26 24 21 18 2 29 13 
~
2
12 13 
~
9
6 24 4 16 23 8 23 18 29 
~
4
11 3 22 29 
~
1
16 
~
2
24 4 
~
4
25 18 18 6 
~
8
23 23 24 11 10 26 2 3 
~
10
4 6 16 9 5 14 10 23 9 25 
~
4
1 27 30 22 
~
2
21 17 
~
7
24 5 12 2 17 21 1 
~
1
11 
~
8
10 17 6 27 5 11 22 13 
~
3
1 3 20 
~
10
1 2 18 15 6 9 13 12 25 11 
~
1
3 
~
4
20 7 25 22 
~
8
17 12 14 6 6 9 8 27 
~
10
19 7 8 7 23 9 18 10 9 18 
~
4
25 16 22 21 
~
8
25 6 24 29 7 15 16 3 
~
7
5 10 22 3 19 12 4 
~
6
9 15 6 21 15 5 
~
3
20 2 15 
~
4
21 25 26 9 
~
5
15 12 6 17 11 
~
6
11 24 13 7 29 25 
~
6
14 12 12 12 19 11 
~
10
29 13 27 9 20 11 28 15 9 23 
~
9
28 13 25 22 30 16 19 10 1 
~
6
15 22 22 8 1 19 
~
5
6 27 28 19 23 
~
1
3 
~
1
6 
~
4
2 5 7 12 
~
7
5 30 23 4 9 14 25 
~
1
16 
~
5
17 4 20 17 26 
~
7
23 8 2 20 1 14 6 
~
8
23 29 13 15 1 28 13 2 
~
1
21 
~
4
7 6 13 25 
~
8
2 29 11 12 1 7 27 1 
~
6
24 23 14 3 6 17 
~
3
6 30 10 
~
5
14 18 3 16 1 
~
2
18 9 
~
1
26 
~
9
30 20 25 20 16 5 11 8 29 
~
4
19 11 7 22 
~
7
9 25 9 27 14 15 10 
~
7
15 17 15 10 25 9 27 
~
3
28 15 3 
~
8
4 15 1 30 13 28 15 6 
~
6
19 27 16 14 26 4 
~
9
12 24 14 4 5 22 1 23 20 
~
7
21 23 1 15 22 27 23 
~
2
17 24 
~
8
30 18 21 18 3 15 18 28 
~
1
26 
~
6
2 17 25 28 26 8 
~
6
14 22 11 5 18 15 
~
6
20 20 20 11 30 26 
~
4
3 29 28 20 
~
8
11 15 2 3 4 16 5 3 
~
4
29 20 13 15 
~
9
28 30 1 9 1 11 9 26 17 
~
8
16 19 8 26 20 11 11 14 
~
4
15 25 2 18 
~
8
30 12 23 23 4 30 19 25 
~
7
30 23 20 9 25 25 15 
~
8
15 30 17 7 9 30 14 13 
~
4
4 6 19 21 
~
1
23 
~
5
17 28 13 6 14 
~
6
13 6 18 8 30 30 
~
4
6 6 16 15 
~
9
17 18 15 8 26 10 26 18 20 
~
9
29 10 11 20 3 1 27 27 26 
~
1
30 
~
7
29 5 3 12 27 28 18 
~
4
17 20 15 9 
~
6
21 18 14 18 11 18 
~
2
25 13 
~
7
2 4 27 7 9 21 15 
~
10
12 26 21 23 27 17 7 11 22 11 
~
3
24 16 18 
~
1
14 
~
8
30 23 9 13 21 16 22 11 
~
3
25 10 7 
~
9
22 9 16 24 13 1 12 1 2 
~
3
30 2 23 
~
7
1 15 25 22 16 15 27 
~
2
12 12 
~
6
16 21 5 17 24 29 
~
8
2 13 3 25 11 9 1 23 
~
10
21 24 14 27 3 18 14 14 26 16 
~
8
4 9 13 17 6 10 25 8 
~
9
21 18 13 21 28 23 25 12 6 
~
10
6 10 6 28 9 5 25 3 22 30 
~
2
10 30 
~
8
30 28 14 17 5 2 17 18 
~
4
23 14 19 7 
~
4
23 23 23 30 
~
7
30 14 14 18 18 11 29 
~
3
17 30 11 
~
9
5 27 7 15 21 16 2 13 10 
~
7
25 25 27 1 13 3 20 
~
10
3 16 26 27 6 4 5 28 16 2 
~
2
2 23 
~
9
29 21 2 16 4 5 23 6 20 
~
2
2 9 
~
8
22 10 22 22 28 2 22 25 
~
1
22 
~
2
18 8 
~
1
18 
~
1
3 
~
1
2 
~
6
22 23 23 12 10 14 
~
5
25 20 28 17 27 
~
5
4 15 15 19 27 
~
8
24 8 8 29 26 20 30 9 
~
7
17 15 5 27 4 28 16 
~
4
25 7 8 19 
~
10
15 27 12 16 11 13 18 29 30 25 
~
8
10 12 9 15 4 27 2 7 
~
3
23 27 11 
~
3
24 29 16 
~
9
14 27 12 10 5 13 30 16 21 
~
9
16 7 2 4 4 6 3 12 17 
~
3
10 21 4 
~
5
14 13 29 16 1 
~
2
13 20 
~
7
14 30 27 12 21 18 14 
~
3
21 16 26 
~
6
11 26 27 23 23 9 
~
3
27 25 8 
~
7
14 17 12 5 21 15 12 
~
2
21 20 
~
1
11 
~
7
12 8 11 24 27 19 12 
~
9
19 13 24 19 26 24 19 19 30 
~
8
7 15 4 29 10 29 5 5 
~
7
5 17 27 19 2 14 8 
~
7
21 7 15 14 28 17 30 
~
7
3 19 28 20 27 6 9 
~
6
8 19 9 10 23 15 
~
9
24 2 5 30 8 25 14 1 8 
~
6
29 20 26 15 12 21 
~
3
21 30 16 
~
7
10 20 19 29 21 20 23 
~
9
9 17 23 6 21 5 25 18 23 
~
3
29 28 19 
~
3
17 4 7 
~
1
12 
~
9
29 5 23 21 5 20 28 14 14 
~
6
22 22 28 22 11 18 
~
6
12 27 11 14 6 20 
~
2
2 2 
~
7
18 14 27 7 25 21 19 
~
4
6 30 8 11 
~
4
1 22 3 18 
~
7
12 26 28 28 14 18 15 
~
2
2 7 
~
7
7 11 22 17 13 17 5 
~
1
1 
~
4
25 27 29 4 
~
3
26 23 16 
~
10
10 3 14 24 5 27 12 23 2 27 
~
9
6 3 9 8 30 10 10 11 26 
~
6
17 2 5 4 5 24 
~
6
3 9 1 18 28 26 
~
9
4 17 9 27 2 16 9 16 20 
~
8
10 1 23 2 3 11 27 27 
~
7
5 12 3 30 19 30 29 
~
6
18 26 4 19 17 29 
~
2
16 2 
~
8
10 13 3 1 3 29 12 4 
~
7
15 30 24 29 29 21 26 
~
7
24 23 2 10 18 26 22 
~
8
12 4 10 7 30 21 26 3 
~
6
10 16 12 26 6 21 
~
10
7 13 26 23 14 16 10 16 7 1 
~
6
2 25 28 7 29 8 
~
6
4 11 5 24 26 6 
~
1
6 
~
7
22 5 6 15 6 4 25 
~
2
15 1 
~
6
29 30 22 29 29 2 
~
5
24 14 21 18 11 
~
7
24 24 30 5 24 11 2 
~
7
15 7 1 25 16 17 25 
~
3
2 30 20 
~
4
6 18 23 9 
~
8
24 21 3 8 26 25 18 13 
~
10
12 28 13 7 8 3 13 9 22 3 
~
5
13 14 8 21 30 
~
10
18 29 1 9 9 13 20 3 17 22 
~
7
28 13 27 25 30 10 26 
~
1
27 
~
3
1 20 11 
~
3
1 15 16 
~
6
25 26 8 27 22 26 
~
4
9 14 27 11 
~
10
11 4 1 17 30 10 21 13 18 23 
~
1
14 
~
5
13 7 13 8 26 
~
7
7 1 13 15 14 23 12 
~
1
13 
~
2
25 15 
~
2
3 9 
~
10
23 4 28 12 28 9 7 3 6 13 
~
6
19 28 2 8 2 24 
~
2
1 16 
~
1
1 
~
3
27 18 21 
~
6
28 29 11 9 2 10 
~
6
1 1 29 24 19 28 
~
5
21 5 5 6 15 
~
8
11 27 25 29 19 3 20 15 
~
3
23 22 5 
~
8
22 11 9 10 22 21 17 27 
~
3
1 21 22 
~
2
24 12 
~
10
25 7 23 18 3 15 15 17 21 12 
~
7
19 18 14 25 5 5 16 
~
2
29 30 
~
7
2 1 1 25 30 9 7 
~
2
13 15 
~
1
30 
~
7
17 23 14 13 13 10 22 
~
4
26 26 22 2 
~
9
26 23 10 14 20 24 15 24 23 
~
5
20 5 1 23 9 
~
4
7 4 23 30 
~
6
19 16 13 16 2 16 
~
7
10 5 21 3 23 23 6 
~
1
18 
~
3
11 28 13 
~
9
24 25 23 5 18 18 18 20 24 
~
10
26 18 14 15 3 24 13 24 18 27 
~
1
16 
~
8
10 16 2 16 24 3 29 7 
~
1
18 
~
10
18 26 6 21 4 13 17 10 4 9 
~
3
19 20 25 
~
5
27 21 14 13 9 
~
7
9 25 22 11 25 5 22 
~
9
11 11 26 2 17 27 9 10 1 
~
7
21 5 15 8 25 15 24 
~
7
17 30 9 8 1 10 10 
~
4
19 5 1 25 
~
7
9 26 27 23 4 25 12 
~
8
10 11 19 7 1 14 17 5 
~
6
18 13 24 27 16 6 
~
2
17 11 
~
6
26 23 6 18 2 25 
~
5
11 2 23 13 3 
~
8
3 16 4 4 12 3 3 17 
~
3
12 7 23 
~
9
13 19 19 17 27 22 18 9 2 
~
8
1 1 4 10 20 17 4 12 
~
10
2 28 3 3 1 4 10 5 19 13 
~
4
3 11 21 2 
~
1
20 
~
6
26 8 4 29 14 26 
~
9
8 5 1 13 3 29 12 18 28 
~
4
3 1 28 16 
~
6
26 25 9 30 23 30 
~
10
7 26 13 6 7 29 29 25 29 16 
~
4
15 30 23 5 
~
6
24 14 11 2 24 22 
~
4
13 18 2 2 
~
6
26 13 9 3 23 4 
~
10
16 30 18 27 27 9 30 29 28 27 
~
4
28 24 24 29 
~
6
25 12 23 24 24 16 
~
9
19 23 19 26 9 24 13 30 3 
~
1
30 
~
1
17 
~
6
8 4 6 19 25 4 
~
6
22 23 11 19 23 14 
~
4
4 13 3 4 
~
5
28 7 3 10 28 
~
5
14 19 28 24 19 
~
1
5 
~
7
27 5 6 27 16 11 24 
~
7
27 23 3 10 1 12 7 
~
1
23 
~
3
13 15 8 
~
9
27 7 17 25 27 10 22 29 24 
~
2
2 13 
~
4
3 17 1 19 
~
3
30 2 29 
~
4
17 16 3 24 
~
1
20 
~
7
3 21 29 23 26 4 1 
~
6
16 23 21 2 18 26 
~
5
16 24 4 7 18 
~
7
10 3 17 10 16 30 2 
~
6
19 29 18 20 15 7 
~
8
5 24 26 7 19 13 29 16 
~
2
10 4 
~
7
13 17 1 10 26 2 11 
~
2
30 27 
~
3
19 18 13 
~
6
27 27 2 28 19 16 
~
8
21 3 26 22 2 13 3 2 
~
4
10 12 17 18 
~
8
19 25 5 9 18 29 26 4 
~
8
3 23 23 18 28 17 6 6 
~
10
27 2 15 29 6 19 13 7 3 23 
~
10
6 22 27 18 12 5 8 6 1 15 
~
4
24 21 12 18 
~
5
21 8 28 22 13 
~
6
16 25 4 11 3 26 
~
9
26 25 21 15 1 11 21 27 29 
~
3
5 20 1 
~
7
1 28 13 25 8 7 13 
~
7
7 16 23 29 22 26 24 
~
4
14 6 26 21 
~
1
16 
~
5
11 1 1 1 2 
~
10
23 23 7 9 2 22 20 4 16 15 
~
1
29 
~
4
28 22 2 2 
~
10
13 21 30 17 13 23 4 3 24 7 
~
6
14 24 30 26 28 23 
~
2
30 24 
~
10
30 9 9 22 19 22 16 9 28 17 
~
4
4 17 3 23 
~
5
21 3 2 29 17 
~
5
4 13 21 7 2 
~
10
19 22 9 5 26 29 16 5 15 20 
~
6
25 22 4 17 27 5 
~
8
3 26 10 7 19 23 4 2 
~
10
13 30 28 24 10 14 19 28 10 28 
~
2
21 17 
~
3
5 21 15 
~
6
16 24 6 25 29 21 
~
2
5 16 
~
7
3 6 24 22 15 16 19 
~
4
20 24 11 24 
~
1
23 
~
6
24 19 13 2 15 13 
~
4
15 13 6 16 
~
4
24 15 28 26 
~
1
1 
~
3
11 10 15 
~
9
28 3 30 27 26 25 29 4 9 
~
9
3 20 23 26 3 18 28 29 28 
~
8
19 8 6 15 14 30 2 8 
~
9
11 7 2 27 28 30 23 18 16 
~
6
30 5 24 10 9 27 
~
4
4 25 17 7 
~
7
12 1 10 30 14 3 9 
~
4
13 27 26 14 
~
1
1 
~
9
3 11 15 18 4 7 25 8 15 
~
1
11 
~
5
4 30 14 4 11 
~
6
25 7 10 3 7 4 
~
3
1 3 12 
~
10
2 10 5 19 1 28 13 10 10 19 
~
9
23 25 30 22 27 17 25 17 15 
~
4
28 26 22 20 
~
3
3 15 30 
~
2
14 17 
~
1
30 
~
6
4 7 3 25 10 4 
~
3
17 29 2 
~
5
25 20 19 11 5 
~
8
14 2 22 27 25 8 21 4 
~
5
1 18 3 21 19 
~
8
8 14 24 12 27 9 13 20 
~
4
18 18 13 4 
~
10
6 11 8 23 12 2 19 26 13 14 
~
10
14 3 16 12 21 24 11 8 4 27 
~
5
1 29 18 16 9 
~
8
20 8 14 5 15 29 28 15 
~
4
16 25 25 25 
~
8
15 17 13 30 11 9 1 8 
~
3
8 10 1 
~
6
11 2 8 8 12 21 
~
8
28 3 29 8 15 27 26 7 
~
6
19 12 7 3 10 28 
~
10
3 10 20 4 9 15 13 1 13 1 
~
8
3 28 7 24 27 16 3 16 
~
8
14 28 1 5 21 17 6 13 
~
7
28 30 27 20 30 4 20 
~
4
26 14 20 8 
~
3
16 27 1 
~
2
14 15 
~
4
2 23 14 14 
~
6
21 16 28 14 2 8 
~
8
4 18 29 22 15 9 9 24 
~
7
26 5 1 19 24 15 15 
~
6
25 18 27 28 16 23 
~
8
14 24 1 22 7 26 2 29 
~
2
1 7 
~
2
22 3 
~
7
6 5 30 17 12 20 6 
~
7
18 26 28 27 7 27 15 
~
8
11 8 7 26 30 6 29 17 
~
3
13 29 3 
~
1
29 
~
10
2 25 2 18 27 18 3 12 13 25 
~
5
20 6 14 18 27 
~
9
26 1 11 15 10 5 14 19 19 
~
3
29 3 25 
~
8
6 2 6 22 2 17 7 18 
~
9
20 6 30 25 25 10 1 11 21 
~
6
27 7 14 28 14 21 
~
3
6 15 2 
~
8
12 9 8 8 1 22 4 7 
~
10
6 6 22 3 2 27 11 1 12 17 
~
5
21 13 8 18 24 
~
6
28 13 29 19 1 19 
~
5
10 5 11 20 13 
~
10
16 11 4 6 6 12 21 5 9 15 
~
7
14 5 1 23 20 7 12 
~
7
12 30 5 19 18 26 1 
~
10
16 6 15 15 8 27 14 2 22 15 
~
1
7 
~
2
2 17 
~
4
3 8 4 17 
~
1
6 
~
7
5 23 3 10 15 9 3 
~
9
17 29 19 13 11 29 3 12 25 
~
7
9 27 29 13 17 15 4 
~
7
25 29 1 16 16 4 16 
~
2
15 24 
~
2
20 23 
~
10
27 23 30 24 20 8 21 4 3 17 
~
7
29 17 28 26 4 9 9 
~
4
11 19 28 14 
~
6
25 26 25 5 26 29 
~
5
27 24 22 11 5 
~
3
23 17 16 
~
8
18 16 28 2 30 16 5 29 
~
4
16 10 10 9 
~
5
17 23 17 20 30 
~
3
20 23 22 
~
3
13 23 11 
~
1
25 
~
6
12 30 29 14 27 7 
~
6
13 9 22 15 22 25 
~
4
23 18 19 1 
~
9
8 5 20 13 15 12 14 30 3 
~
4
2 20 25 28 
~
7
26 30 16 28 23 12 4 
~
2
10 26 
~
7
28 16 19 10 8 21 15 
~
8
28 15 19 29 23 11 24 25 
~
9
18 8 26 17 29 25 11 14 3 
~
8
20 9 22 18 9 7 8 3 
~
1
25 
~
8
13 23 28 4 7 6 16 6 
~
8
30 30 22 10 25 19 23 9 
~
2
30 14 
~
1
14 
~
7
3 4 17 25 10 22 20 
~
10
12 20 21 7 18 22 2 23 2 5 
~
1
8 
~
6
18 11 12 15 9 10 
~
1
13 
~
5
28 4 5 18 19 
~
2
30 29 
~
8
17 30 8 3 5 16 6 25 
~
2
26 28 
~
6
7 26 1 22 22 23 
~
6
29 5 24 18 5 20 
~
2
24 17 
~
8
9 13 2 2 29 5 2 12 
~
5
8 17 26 17 10 
~
3
2 3 14 
~
9
3 8 3 21 27 15 4 22 26 
~
10
27 22 27 13 23 5 1 21 10 16 
~
5
11 11 29 22 12 
~
3
4 2 26 
~
1
8 
~
1
29 
~
4
3 28 22 4 
~
10
3 22 27 21 17 12 10 3 30 25 
~
5
2 30 24 29 28 
~
6
9 16 5 16 19 5 
~
2
11 7 
~
5
14 11 27 24 4 
~
5
24 10 19 21 13 
~
2
12 8 
~
4
3 26 20 27 
~
10
29 20 8 2 26 30 26 21 13 20 
~
4
20 8 9 5 
~
8
14 1 28 9 29 15 27 21 
~
6
21 27 8 9 22 26 
~
1
26 
~
5
12 24 29 26 5 
~
2
27 6 
~
5
17 24 29 18 21 
~
10
17 23 20 11 6 12 5 5 15 18 
~
6
25 12 15 16 9 29 
~
5
22 6 21 17 8 
~
1
14 
~
6
14 29 30 17 28 22 
~
5
11 21 4 20 19 
~
8
26 1 23 4 11 6 9 10 
~
7
7 25 24 1 23 18 2 
~
6
11 2 15 27 10 20 
~
6
13 19 18 26 3 5 
~
10
1 29 2 27 12 4 15 15 30 3 
~
7
24 15 17 26 19 12 5 
~
9
30 11 29 20 20 12 4 26 9 
~
10
22 10 19 27 25 25 23 5 7 13 
~
5
6 17 7 4 24 
~
1
29 
~
7
29 18 18 17 26 29 3 
~
3
9 9 20 
~
4
3 21 14 5 
~
7
27 6 19 28 18 21 2 
~
7
18 24 7 10 12 7 4 
~
6
19 7 12 28 18 14 
~
4
29 1 1 30 
~
10
11 23 22 27 15 9 23 29 14 28 
~
9
13 15 16 20 18 10 5 4 9 
~
7
11 9 20 22 29 1 2 
~
1
17 
~
9
2 15 3 16 30 6 2 30 10 
~
4
13 19 21 6 
~
3
17 1 4 
~
8
25 21 2 30 5 25 26 9 
~
6
25 12 23 27 9 16 
~
7
24 18 6 25 12 2 24 
~
9
21 19 23 19 12 4 20 20 11 
~
10
16 30 16 9 18 13 7 11 24 25 
~
1
25 
~
1
4 
~
5
23 20 4 8 24 
~
6
1 6 21 30 9 2 
~
7
23 24 8 17 16 2 3 
~
7
4 2 3 25 22 2 1 
~
9
8 12 13 10 19 30 27 4 3 
~
10
27 16 3 12 2 25 30 1 4 30 
~
3
5 9 26 
~
2
5 18 
~
10
14 30 18 28 13 4 16 5 23 4 
~
10
4 22 16 5 5 8 20 1 4 4 
~
9
9 4 30 15 20 14 13 19 22 
~
10
1 15 25 17 20 27 27 6 2 24 
~
7
5 25 18 27 15 13 23 
~
2
6 5 
~
1
10 
~
7
6 5 23 28 25 19 5 
~
6
21 24 4 1 13 29 
~
6
6 8 5 26 19 9 
~
1
24 
~
4
20 24 13 29 
~
4
9 21 18 17 
~
10
26 25 22 30 27 4 14 17 14 29 
~
1
27 
~
7
8 29 10 21 19 3 26 
~
10
6 19 14 26 22 8 20 7 25 5 
~
2
30 17 
~
4
12 27 13 13 
~
9
6 27 5 7 25 4 3 21 6 
~
6
19 22 6 5 10 19 
~
10
17 23 10 21 11 25 10 9 15 21 
~
1
30 
~
7
11 15 27 29 16 26 28 
~
2
28 10 
~
2
27 13 
~
6
27 7 21 22 25 7 
~
1
3 
~
2
25 9 
~
6
8 8 3 5 28 24 
~
1
26 
~
2
13 13 
~
5
19 18 4 13 9 
~
2
10 14 
~
9
25 10 23 15 21 11 24 13 9 
~
8
30 25 14 26 7 18 19 19 
~
10
19 24 30 12 29 6 14 1 16 11 
~
9
30 18 9 19 4 2 16 7 14 
~
5
6 8 7 16 4 
~
6
15 6 14 4 10 6 
~
6
22 7 13 16 24 14 
~
8
19 27 9 25 29 5 15 29 
~
3
23 20 11 
~
4
7 15 11 23 
~
7
24 1 12 7 4 21 10 
~
4
1 3 28 28 
~
1
8 
~
1
26 
~
7
28 26 11 17 16 14 12 
~
5
23 2 19 1 24 
~
10
16 5 5 25 19 23 15 12 24 11 
~
6
6 2 13 23 23 8 
~
6
4 12 24 19 5 14 
~
7
8 28 22 10 12 4 5 
~
10
2 20 3 10 29 6 28 18 8 2 
~
1
26 
~
1
15 
~
7
2 20 28 4 14 26 28 
~
6
9 30 18 5 16 20 
~
4
20 8 5 5 
~
5
8 9 25 29 11 
~
2
17 5 
~
7
13 13 30 28 25 26 17 
~
9
17 19 23 28 18 6 17 23 22 
~
10
6 21 7 25 7 20 8 6 4 19 
~
7
2 13 1 16 18 4 26 
~
4
3 21 24 27 
~
10
4 4 8 14 9 24 1 15 2 20 
~
1
5 
~
2
23 8 
~
2
11 29 
~
6
2 13 5 25 16 6 
~
1
23 
~
1
5 
~
1
30 
~
5
20 7 17 15 22 
~
10
7 19 21 30 18 9 21 11 24 17 
~
10
23 28 13 18 22 20 2 26 21 10 
~
3
6 16 28 
~
3
20 28 15 
~
4
15 22 21 23 
~
1
7 
~
9
25 27 15 17 2 27 26 7 25 
~
10
6 2 2 13 22 25 10 21 3 5 
~
10
11 28 10 13 27 17 26 11 23 19 
~
8
29 6 11 7 11 7 26 18 
~
6
16 3 20 20 29 3 
~
4
30 13 16 9 
~
2
23 14 
~
10
19 23 30 23 13 10 1 16 19 1 
~
8
5 16 18 2 13 8 4 2 
~
1
2 
~
10
19 28 26 15 26 16 25 25 24 24 
~
6
21 27 16 25 1 5 
~
2
9 9 
~
8
11 8 18 13 19 17 2 11 
~
9
28 28 27 10 20 7 22 26 5 
~
8
3 22 13 15 24 16 26 15 
~
3
10 10 22 
~
5
5 4 11 22 7 
~
7
26 26 23 18 11 12 3 
~
8
22 18 27 22 1 7 13 1 
~
3
14 7 22 
~
3
1 6 27 
~
1
13 
~
1
28 
~
1
24 
~
3
8 7 24 
~
4
4 10 19 14 
~
9
7 26 5 4 19 18 20 8 28 
~
2
15 19 
~
6
5 20 30 29 2 30 
~
4
2 29 29 15 
~
2
28 10 
~
2
15 4 
~
7
4 3 20 5 2 3 14 
~
9
9 7 10 3 26 30 20 2 16 
~
10
29 15 22 20 19 19 19 20 4 21 
~
7
6 1 13 10 6 5 13 
~
5
20 3 30 22 21 
~
10
22 3 9 6 9 23 11 29 25 15 
~
6
27 29 18 9 22 2 
~
5
25 23 5 30 23 
~
3
21 30 13 
~
3
14 12 9 
~
9
2 21 23 13 21 30 21 15 29 
~
3
12 13 6 
~
3
12 30 21 
~
6
26 5 29 8 10 15 
~
4
14 4 17 3 
~
10
1 26 23 21 8 24 12 24 9 25 
~
8
20 16 10 11 17 11 17 4 
~
5
15 15 15 12 8 
~
2
12 18 
~
7
15 15 7 2 25 12 12 
~
1
24 
~
6
2 30 11 18 20 25 
~
10
25 8 10 28 16 3 21 20 23 26 
~
6
16 21 7 30 17 24 
~
10
11 16 22 22 6 26 16 25 15 21 
~
9
4 6 6 1 11 9 24 4 30 
~
7
2 12 4 5 27 8 28 
~
3
11 1 2 
~
5
1 1 29 28 19 
~
3
6 30 28 
~
10
10 15 7 27 4 27 19 3 30 25 
~
4
24 24 17 5 
~
10
7 24 4 13 20 1 21 17 11 10 
~
8
16 3 21 26 12 18 15 8 
~
4
14 25 16 4 
~
4
25 23 12 13 
~
6
25 11 15 10 11 16 
~
7
1 9 9 27 20 1 5 
~
9
24 4 21 27 11 26 12 19 4 
~
8
17 24 11 11 19 26 13 5 
~
4
28 2 29 28 
~
5
22 16 8 5 4 
~
3
7 23 6 
~
10
2 26 2 5 5 26 9 22 1 5 
~
3
8 12 12 
~
2
18 27 
~
7
27 15 4 4 29 25 30 
~
3
1 29 11 
~
6
5 15 21 22 26 8 
~
7
22 26 14 26 20 29 6 
~
6
18 7 18 28 1 7 
~
1
10 
~
9
20 19 3 9 1 20 12 5 14 
~
5
20 15 11 11 26 
~
6
17 6 17 26 29 25 
~
6
7 29 19 17 28 18 
~
8
19 9 10 26 3 29 13 12 
~
1
27 
~
6
27 27 8 8 17 21 
~
2
24 14 
~
7
28 2 1 27 27 2 22 
~
8
11 7 14 7 18 24 16 23 
~
5
26 22 18 3 1 
~
7
28 18 30 12 23 5 11 
~
6
8 22 15 15 3 18 
~
2
10 11 
~
5
29 29 9 30 5 
~
2
16 18 
~
1
13 
~
2
5 26 
~
8
23 29 14 5 27 29 21 29 
~
7
11 24 19 7 16 20 18 
~
8
7 23 23 24 20 1 27 5 
~
2
26 13 
~
4
4 18 23 13 
~
10
21 21 9 29 27 29 2 6 2 7 
~
5
2 18 20 10 20 
~
10
30 8 26 3 23 13 2 21 10 14 
~
2
3 13 
~
4
5 13 15 30 
~
2
8 4 
~
2
6 21 
~
2
23 5 
~
4
1 27 8 12 
~
10
17 20 4 25 20 29 27 16 6 28 
~
6
28 24 30 17 21 16 
~
2
7 7 
~
10
15 29 22 22 26 23 4 9 15 23 
~
4
26 8 21 13 
~
3
18 22 11 
~
4
18 2 14 25 
~
3
18 21 21 
~
3
1 19 6 
~
