100
3
13 15 6 
~
5
2 30 6 19 14 
~
6
6 1 7 30 1 10 
~
5
8 17 30 20 24 
~
10
7 27 17 4 11 12 13 10 20 9 
~
7
26 14 24 8 19 25 7 
~
6
1 18 7 16 5 8 
~
3
29 24 21 
~
7
13 7 17 18 5 27 20 
~
2
17 29 
~
3
1 23 13 
~
2
4 6 
~
3
10 20 22 
~
7
30 21 29 29 9 4 20 
~
1
27 
~
4
23 24 1 10 
~
10
15 5 16 28 17 23 12 11 25 12 
~
10
29 16 13 1 12 19 12 8 17 29 
~
8
19 17 25 13 30 29 1 25 
~
6
18 4 4 10 26 16 
~
3
26 12 21 
~
1
7 
~
9
12 15 21 29 16 25 27 23 1 
~
4
1 20 27 26 
~
6
16 29 16 19 19 16 
~
8
22 4 24 24 22 22 9 5 
~
3
6 30 24 
~
9
24 9 15 5 27 30 28 11 20 
~
8
20 17 1 17 24 11 27 11 
~
9
30 14 3 3 20 13 17 22 26 
~
2
16 28 
~
3
6 19 14 
~
1
4 
~
9
24 4 15 19 9 12 25 23 1 
~
9
26 9 26 24 28 24 22 29 29 
~
1
21 
~
5
9 12 23 11 26 
~
9
20 5 27 25 24 27 27 5 19 
~
9
14 17 7 2 18 22 5 11 28 
~
1
18 
~
9
21 30 3 24 1 15 30 15 24 
~
6
21 20 26 29 12 25 
~
4
14 7 17 9 
~
3
15 7 16 
~
7
20 29 24 13 6 11 29 
~
5
22 1 9 27 26 
~
5
16 6 7 25 12 
~
6
14 18 14 8 4 28 
~
1
15 
~
10
19 6 12 13 23 13 15 10 20 28 
~
10
5 23 21 7 16 27 25 13 30 22 
~
2
24 29 
~
4
29 18 6 29 
~
9
12 8 19 16 9 29 7 22 28 
~
8
4 20 19 4 30 22 4 4 
~
8
10 16 25 25 7 17 14 3 
~
5
8 16 6 16 14 
~
5
16 5 16 12 3 
~
5
8 6 7 21 25 
~
3
8 5 14 
~
9
3 28 29 19 3 10 5 1 12 
~
2
11 23 
~
1
17 
~
4
22 16 8 23 
~
2
30 3 
~
6
18 24 5 10 8 1 
~
4
20 23 18 27 
~
3
17 16 5 
~
10
20 14 2 9 2 26 20 25 19 30 
~
6
23 21 18 1 11 15 
~
3
18 24 20 
~
7
7 23 15 28 20 19 14 
~
9
1 4 28 1 3 8 7 21 6 
~
9
4 4 1 21 5 16 5 21 13 
~
2
10 8 
~
8
5 10 24 28 11 25 7 27 
~
1
19 
~
10
16 25 4 12 5 16 7 10 6 20 
~
4
7 7 13 8 
~
3
14 18 30 
~
7
12 24 16 7 4 12 6 
~
5
10 30 3 21 6 
~
9
21 2 1 25 4 30 4 9 12 
~
10
25 10 16 26 18 1 9 17 14 8 
~
3
1 20 10 
~
7
4 29 13 10 21 23 16 
~
6
30 11 7 24 6 25 
~
10
19 25 16 19 30 6 29 17 18 14 
~
5
2 8 9 2 7 
~
3
22 30 8 
~
2
10 26 
~
3
13 10 3 
~
2
13 29 
~
1
27 
~
9
24 28 10 13 7 26 10 10 24 
~
7
10 2 13 14 22 8 18 
~
6
2 18 28 23 2 25 
~
1
18 
~
9
13 2 13 5 26 23 26 30 6 
~
5
8 12 8 23 6 
~
