10
13
13 15 6 5 2 30 6 19 14 26 6 1 7 
~
40
1 10 5 8 17 30 20 24 20 7 27 17 4 11 12 13 10 20 9 7 26 14 24 8 19 25 7 6 1 18 7 16 5 8 3 29 24 21 7 13 
~
87
17 18 5 27 20 22 17 29 13 1 23 13 22 4 6 23 10 20 22 27 30 21 29 29 9 4 20 11 27 4 23 24 1 10 30 15 5 16 28 17 23 12 11 25 12 20 29 16 13 1 12 19 12 8 17 29 18 19 17 25 13 30 29 1 25 26 18 4 4 10 26 16 3 26 12 21 11 7 29 12 15 21 29 16 25 27 23 
~
1
24 
~
71
20 27 26 16 16 29 16 19 19 16 18 22 4 24 24 22 22 9 5 3 6 30 24 19 24 9 15 5 27 30 28 11 20 28 20 17 1 17 24 11 27 11 9 30 14 3 3 20 13 17 22 26 2 16 28 13 6 19 14 1 4 29 24 4 15 19 9 12 25 23 1 
~
29
26 9 26 24 28 24 22 29 29 11 21 15 9 12 23 11 26 29 20 5 27 25 24 27 27 5 19 29 14 
~
87
7 2 18 22 5 11 28 11 18 19 21 30 3 24 1 15 30 15 24 16 21 20 26 29 12 25 24 14 7 17 9 3 15 7 16 27 20 29 24 13 6 11 29 25 22 1 9 27 26 15 16 6 7 25 12 6 14 18 14 8 4 28 1 15 20 19 6 12 13 23 13 15 10 20 28 10 5 23 21 7 16 27 25 13 30 22 12 
~
24
29 24 29 18 6 29 9 12 8 19 16 9 29 7 22 28 18 4 20 19 4 30 22 4 
~
94
18 10 16 25 25 7 17 14 3 5 8 16 6 16 14 25 16 5 16 12 3 25 8 6 7 21 25 3 8 5 14 9 3 28 29 19 3 10 5 1 12 12 11 23 21 17 4 22 16 8 23 22 30 3 6 18 24 5 10 8 1 14 20 23 18 27 23 17 16 5 20 20 14 2 9 2 26 20 25 19 30 6 23 21 18 1 11 15 13 18 24 20 17 7 
~
13
15 28 20 19 14 9 1 4 28 1 3 8 7 
~
