10
5
3 2 2 3 1
0 1
0 2
1 3
1 4 
~
7
3 2 2 3 3 3 2
0 1
0 2
1 3
1 4 
4 6
2 5
~
10
3 1 3 3 2 2 3 3 1 2 
0 6
9 0
9 4
7 6
3 9
0 1
2 9
9 8
6 5
~
10
2 3 2 1 1 1 3 1 3 1 
5 4
7 2
8 3
0 6
2 6
4 6
9 1
6 8
1 3
~
10
3 2 1 2 1 3 3 3 2 2 
8 3
9 0
6 3
2 3
9 4
4 5
7 6
2 1
1 9
~
10
2 1 1 1 3 1 3 2 2 2 
7 8
6 4
2 9
8 0
4 5
7 3
3 9
2 5
1 0
~
10
2 1 2 3 3 3 2 1 1 3 
2 0
3 0
9 6
5 8
7 1
3 1
1 8
4 2
5 9
~
10
3 1 3 3 3 2 3 3 1 2 
9 7
9 6
0 6
3 0
8 9
3 2
1 5
5 8
4 8
~
10
3 3 1 2 1 2 2 3 2 3 
7 3
1 8
8 0
0 4
2 0
5 8
9 4
6 4
3 6
~
10
3 2 1 2 2 2 1 2 3 1 
4 0
7 0
7 8
0 9
2 3
3 5
5 8
1 4
4 6
~
